"Sex" "Age" "startAge" "digRe" "Dtot" "PYtot" "mx"
"1" 51 51 0 164 53308.06707 0.00307645744845049
"1" 51 51 1 25 9019.67762 0.00277171768806522
"1" 51 51 2 22 7570.14236 0.00290615406603793
"1" 51 51 3 73 18122.6598 0.00402810629375717
"1" 51 51 4 60 12455.53939 0.00481713381663514
"1" 51 51 6 83 16297.17934 0.00509290585005
"1" 51 51 7 289 69324.5017 0.00416880024973912
"1" 51 51 90 6 3506.92746 0.00171089937514704
"1" 51 51 91 50 7745.27309 0.00645555029745246
"1" 51 51 99 71 9837.22108 0.00721748544864461
"1" 52 51 0 188 53130.97191 0.00353842576639589
"1" 52 51 1 22 8996.11909 0.00244549897349125
"1" 52 51 2 29 7547.11774 0.00384252651131954
"1" 52 51 3 72 18049.84323 0.00398895431292896
"1" 52 51 4 47 12399.97809 0.00379032927791246
"1" 52 51 6 70 16219.84257 0.00431570156725633
"1" 52 51 7 369 69004.284 0.00534749407732424
"1" 52 51 90 13 3496.71869 0.00371777118850816
"1" 52 51 91 35 7705.86381 0.00454199566239155
"1" 52 51 99 83 9761.71525 0.00850260408896889
"1" 53 51 0 182 52941.12111 0.00343778137266576
"1" 53 51 1 23 8974.11089 0.00256292799163305
"1" 53 51 2 46 7507.95275 0.00612683663998818
"1" 53 51 3 66 17976.74809 0.00367140929324776
"1" 53 51 4 48 12348.65706 0.00388706235558865
"1" 53 51 6 90 16139.00204 0.00557655298493289
"1" 53 51 7 335 68647.24229 0.00488002123355216
"1" 53 51 90 16 3481.82752 0.00459528793660635
"1" 53 51 91 39 7666.79329 0.00508687250651048
"1" 53 51 99 88 9670.98834 0.00909938021908524
"1" 54 51 0 210 52746.81863 0.00398128276651289
"1" 54 51 1 38 8945.7967 0.00424780500545021
"1" 54 51 2 42 7465.77615 0.0056256709491618
"1" 54 51 3 70 17912.86586 0.00390780573846155
"1" 54 51 4 61 12300.71803 0.00495906010130695
"1" 54 51 6 98 16051.57699 0.00610531912603062
"1" 54 51 7 402 68285.0089 0.00588709010185104
"1" 54 51 90 15 3465.27378 0.00432866230846557
"1" 54 51 91 45 7625.21631 0.00590147192821078
"1" 54 51 99 76 9590.85695 0.00792421369604517
"1" 55 51 0 231 52525.99996 0.00439782203434324
"1" 55 51 1 37 8907.77892 0.00415367291131648
"1" 55 51 2 37 7425.50787 0.00498282415799258
"1" 55 51 3 93 17833.58591 0.00521487941176492
"1" 55 51 4 68 12234.11841 0.00555822640595155
"1" 55 51 6 99 15944.69132 0.00620896309706672
"1" 55 51 7 445 67855.6427 0.00655803971922294
"1" 55 51 90 21 3449.15469 0.00608844829745806
"1" 55 51 91 52 7577.6804 0.00686225827101391
"1" 55 51 99 121 9492.36275 0.0127470897590803
"1" 56 51 0 251 52287.95885 0.00480034037511487
"1" 56 51 1 44 8865.30595 0.0049631676840211
"1" 56 51 2 47 7383.09035 0.00636589798741932
"1" 56 51 3 93 17741.82549 0.00524185067948157
"1" 56 51 4 84 12157.92671 0.00690907273942598
"1" 56 51 6 120 15843.10951 0.00757427068999664
"1" 56 51 7 465 67393.99586 0.00689972443488826
"1" 56 51 90 20 3428.58726 0.00583330639804104
"1" 56 51 91 62 7522.24574 0.00824221943060318
"1" 56 51 99 109 9375.92886 0.0116255148292582
"1" 56 56 0 229 42613.85558 0.00537383902214839
"1" 56 56 1 36 7561.76933 0.00476079055429214
"1" 56 56 2 55 7617.34288 0.00722036553512739
"1" 56 56 3 95 15581.846 0.00609683859024149
"1" 56 56 4 85 13993.58247 0.0060742129602785
"1" 56 56 6 111 15410.03084 0.00720310044493071
"1" 56 56 7 499 61655.52766 0.00809335381495298
"1" 56 56 90 16 3005.36207 0.00532381777214617
"1" 56 56 91 54 7619.26697 0.00708729595807824
"1" 56 56 99 110 8815.17245 0.0124784853187983
"1" 57 51 0 274 52024.18076 0.00526678163879269
"1" 57 51 1 45 8818.13962 0.00510311720376231
"1" 57 51 2 57 7330.87812 0.00777533046750476
"1" 57 51 3 99 17644.54823 0.00561079823124494
"1" 57 51 4 87 12069.42988 0.00720829408389587
"1" 57 51 6 106 15726.84393 0.00674006815809992
"1" 57 51 7 530 66899.94519 0.00792227853841684
"1" 57 51 90 12 3412.7762 0.00351619892332817
"1" 57 51 91 56 7462.74947 0.00750393674946722
"1" 57 51 99 104 9274.23137 0.0112138673115722
"1" 57 56 0 249 42378.41007 0.00587563336115502
"1" 57 56 1 35 7526.44147 0.00465027199633561
"1" 57 56 2 54 7563.94656 0.0071391302902066
"1" 57 56 3 87 15492.74684 0.00561553098998421
"1" 57 56 4 99 13900.71599 0.00712193530687335
"1" 57 56 6 115 15294.44836 0.00751906818037078
"1" 57 56 7 497 61149.23482 0.00812765689485695
"1" 57 56 90 15 2989.97947 0.00501675685418669
"1" 57 56 91 65 7557.82822 0.00860035424303412
"1" 57 56 99 141 8693.92813 0.0162182155053081
"1" 58 51 0 261 51755.18892 0.00504297260712231
"1" 58 51 1 49 8775.92332 0.00558345808335983
"1" 58 51 2 47 7278.65914 0.00645723327552333
"1" 58 51 3 93 17543.03971 0.00530124776192506
"1" 58 51 4 76 11988.56673 0.00633937331389405
"1" 58 51 6 129 15608.65024 0.00826464800072296
"1" 58 51 7 566 66341.50588 0.00853161218594877
"1" 58 51 90 25 3394.27995 0.00736533237336537
"1" 58 51 91 62 7403.20263 0.00837475388675131
"1" 58 51 99 93 9169.72281 0.0101420732040645
"1" 58 56 0 263 42117.97462 0.00624436484358184
"1" 58 56 1 37 7493.99795 0.00493728451046614
"1" 58 56 2 57 7505.7584 0.00759416929806853
"1" 58 56 3 109 15387.42433 0.00708370664656909
"1" 58 56 4 76 13819.32173 0.00549954632252418
"1" 58 56 6 115 15172.62355 0.0075794406696395
"1" 58 56 7 568 60620.28551 0.00936980080547958
"1" 58 56 90 14 2975.5106 0.00470507481976371
"1" 58 56 91 68 7490.04788 0.00907871365970494
"1" 58 56 99 135 8552.54557 0.0157847741231036
"1" 59 51 0 294 51479.91854 0.00571096474776978
"1" 59 51 1 50 8727.4237 0.00572906755976566
"1" 59 51 2 55 7228.56606 0.00760870130306314
"1" 59 51 3 108 17450.01984 0.00618910471106949
"1" 59 51 4 68 11920 0.00570469798657718
"1" 59 51 6 127 15484.64338 0.00820167419315794
"1" 59 51 7 614 65768.71734 0.00933574539436198
"1" 59 51 90 24 3370.60442 0.00712038465789468
"1" 59 51 91 82 7329.13549 0.0111882226917325
"1" 59 51 99 119 9069.42573 0.0131210071665695
"1" 59 56 0 263 41855.71734 0.00628349044560898
"1" 59 56 1 48 7446.00204 0.00644641241597081
"1" 59 56 2 73 7434.04175 0.00981969195962613
"1" 59 56 3 117 15278.97123 0.00765758363169586
"1" 59 56 4 97 13729.74194 0.0070649543468404
"1" 59 56 6 168 15037.82683 0.011171827013252
"1" 59 56 7 592 60039.33271 0.00986020285834053
"1" 59 56 90 34 2953.55305 0.0115115589340777
"1" 59 56 91 84 7409.94387 0.0113361182586124
"1" 59 56 99 131 8414.79195 0.0155678239911802
"1" 60 51 0 335 51165.01844 0.00654744218245219
"1" 60 51 1 52 8670.38465 0.00599742711530105
"1" 60 51 2 56 7168.79673 0.00781163172972265
"1" 60 51 3 144 17324.42643 0.00831196349165367
"1" 60 51 4 102 11830.36139 0.00862188369716405
"1" 60 51 6 142 15342.3073 0.00925545273102436
"1" 60 51 7 612 65153.01981 0.00939327143676105
"1" 60 51 90 23 3345.88774 0.00687410988869579
"1" 60 51 91 69 7251.94522 0.00951468852932124
"1" 60 51 99 135 8938.57696 0.0151030751991198
"1" 60 56 0 317 41575.35865 0.00762470872876042
"1" 60 56 1 43 7401.14852 0.00580990908151645
"1" 60 56 2 67 7371.38054 0.00908920651110491
"1" 60 56 3 134 15153.94253 0.00884258335642507
"1" 60 56 4 110 13622.45175 0.00807490472484147
"1" 60 56 6 167 14865.25805 0.0112342483015288
"1" 60 56 7 667 59419.60449 0.0112252514254324
"1" 60 56 90 21 2924.48868 0.00718074244691554
"1" 60 56 91 78 7330.01095 0.0106411846492535
"1" 60 56 99 128 8285.80966 0.0154480980438066
"1" 61 51 0 358 50826.82278 0.00704352506056842
"1" 61 51 1 52 8621.71664 0.00603128149198835
"1" 61 51 2 63 7112.90763 0.008857137372948
"1" 61 51 3 128 17187.04925 0.0074474680405073
"1" 61 51 4 123 11723.97533 0.010491321973807
"1" 61 51 6 163 15191.4887 0.0107296923441084
"1" 61 51 7 693 64497.79597 0.0107445531987223
"1" 61 51 90 30 3315.12523 0.00904943189732835
"1" 61 51 91 94 7168.21905 0.0131134385464964
"1" 61 51 99 109 8823.62696 0.0123531967629783
"1" 61 56 0 365 41222.9438 0.00885429244866302
"1" 61 56 1 53 7356.75016 0.00720426803239435
"1" 61 56 2 65 7307.70774 0.0088947180583333
"1" 61 56 3 113 15036.50653 0.00751504345604138
"1" 61 56 4 139 13503.63319 0.0102935260491921
"1" 61 56 6 181 14703.87684 0.0123096787309598
"1" 61 56 7 662 58737.27992 0.011270525310359
"1" 61 56 90 28 2898.65708 0.00965964556248923
"1" 61 56 91 91 7247.47707 0.0125560935372507
"1" 61 56 99 147 8151.30045 0.0180339322420633
"1" 61 61 0 355 37443.5161 0.00948094722332981
"1" 61 61 1 66 7193.48186 0.00917497274400578
"1" 61 61 2 72 7852.99311 0.00916847869232372
"1" 61 61 3 113 14014.2943 0.00806319587565676
"1" 61 61 4 153 15578.00747 0.00982153849230373
"1" 61 61 6 182 14441.72212 0.0126023751521955
"1" 61 61 7 642 55113.87611 0.0116486091219324
"1" 61 61 90 28 2812.08148 0.0099570372335015
"1" 61 61 91 96 7672.73169 0.0125118411380289
"1" 61 61 99 169 10789.90694 0.0156627856884927
"1" 62 51 0 372 50446.26003 0.00737418392917085
"1" 62 51 1 57 8569.42985 0.00665155103638546
"1" 62 51 2 73 7048.5243 0.010356777800993
"1" 62 51 3 143 17054.62692 0.00838482135497808
"1" 62 51 4 112 11605.86113 0.00965029641018977
"1" 62 51 6 158 15035.78785 0.0105082621260847
"1" 62 51 7 716 63793.63521 0.0112236902261962
"1" 62 51 90 32 3288.99658 0.00972941115067988
"1" 62 51 91 77 7085.35184 0.0108674913735829
"1" 62 51 99 139 8700.60169 0.0159759066042247
"1" 62 56 0 386 40851.2197 0.00944892228028139
"1" 62 56 1 54 7302.41686 0.00739481202391943
"1" 62 56 2 79 7234.91921 0.0109192649851304
"1" 62 56 3 169 14888.34359 0.0113511619998824
"1" 62 56 4 139 13365.1129 0.0104002114340538
"1" 62 56 6 171 14523.56751 0.0117739666843054
"1" 62 56 7 731 58053.60925 0.0125918096987226
"1" 62 56 90 31 2868.58931 0.0108067055440571
"1" 62 56 91 98 7152.4004 0.0137016937698287
"1" 62 56 99 126 8009.10536 0.0157320942023417
"1" 62 61 0 369 37073.09583 0.00995330958310206
"1" 62 61 1 61 7123.79462 0.00856285213904721
"1" 62 61 2 106 7761.42159 0.0136572918724803
"1" 62 61 3 132 13894.70837 0.00950001946676337
"1" 62 61 4 141 15432.66459 0.00913646500756355
"1" 62 61 6 176 14259.82616 0.0123423664514014
"1" 62 61 7 663 54454.36145 0.01217533329463
"1" 62 61 90 30 2783.80902 0.0107766013345269
"1" 62 61 91 99 7568.82132 0.0130799758396199
"1" 62 61 99 219 10600.42303 0.0206595528669199
"1" 63 51 0 426 50052.39278 0.00851108161546718
"1" 63 51 1 65 8508.77138 0.00763917575136447
"1" 63 51 2 68 6973.89726 0.00975064550922277
"1" 63 51 3 158 16901.31146 0.00934838698014266
"1" 63 51 4 120 11489.15464 0.0104446326783883
"1" 63 51 6 203 14853.0965 0.0136671838091135
"1" 63 51 7 797 63056.94257 0.012639369552611
"1" 63 51 90 31 3253.06227 0.00952948250818451
"1" 63 51 91 86 7009.55305 0.0122689705586863
"1" 63 51 99 143 8554.6509 0.0167160532523893
"1" 63 56 0 413 40453.54957 0.0102092400886937
"1" 63 56 1 79 7240.12801 0.0109114092859803
"1" 63 56 2 100 7142.99175 0.0139997361749718
"1" 63 56 3 154 14727.45523 0.0104566605428411
"1" 63 56 4 142 13222.17386 0.0107395350797482
"1" 63 56 6 191 14340.33805 0.0133190723492045
"1" 63 56 7 841 57272.20061 0.0146842620161719
"1" 63 56 90 28 2842.14854 0.00985170183962306
"1" 63 56 91 107 7053.24636 0.0151703193875111
"1" 63 56 99 144 7880.01852 0.0182740687264273
"1" 63 61 0 384 36699.09853 0.0104634722753774
"1" 63 61 1 79 7057.21972 0.0111942100620894
"1" 63 61 2 105 7657.91991 0.01371129513419
"1" 63 61 3 144 13757.43532 0.0104670672004293
"1" 63 61 4 174 15273.64616 0.0113921717301326
"1" 63 61 6 187 14079.37443 0.0132818401080054
"1" 63 61 7 669 53795.42506 0.0124360017465024
"1" 63 61 90 33 2755.07803 0.0119778821654645
"1" 63 61 91 107 7464.60647 0.0143343122547758
"1" 63 61 99 207 10387.39492 0.0199279994256731
"1" 64 51 0 404 49650.86377 0.00813681715330206
"1" 64 51 1 67 8438.82203 0.00793949674039992
"1" 64 51 2 97 6885.44765 0.0140876824471972
"1" 64 51 3 202 16727.19234 0.0120761449915868
"1" 64 51 4 116 11369.2012 0.0102030035320335
"1" 64 51 6 196 14652.39085 0.0133766565474876
"1" 64 51 7 833 62234.31015 0.0133848997119477
"1" 64 51 90 39 3222.42981 0.0121026685760457
"1" 64 51 91 100 6910.83303 0.0144700356043763
"1" 64 51 99 154 8407.88232 0.0183161459852592
"1" 64 56 0 413 40041.74267 0.0103142364058352
"1" 64 56 1 87 7149.75016 0.0121682573590795
"1" 64 56 2 102 7043.99247 0.0144804243381027
"1" 64 56 3 194 14552.67075 0.0133308863598113
"1" 64 56 4 141 13081.13964 0.0107788773669876
"1" 64 56 6 201 14143.10605 0.0142118710903677
"1" 64 56 7 869 56404.44826 0.0154065863031633
"1" 64 56 90 40 2808.32513 0.0142433650479779
"1" 64 56 91 113 6944.88782 0.0162709611629119
"1" 64 56 99 139 7741.39087 0.0179554297585803
"1" 64 61 0 412 36286.58657 0.0113540577647119
"1" 64 61 1 77 6979.10059 0.0110329402774807
"1" 64 61 2 121 7546.32377 0.0160342974523607
"1" 64 61 3 159 13611.94117 0.0116809203047709
"1" 64 61 4 187 15093.55237 0.0123893961749973
"1" 64 61 6 220 13886.62218 0.0158425855581245
"1" 64 61 7 841 53034.60507 0.0158575707104818
"1" 64 61 90 39 2717.53934 0.0143512181869647
"1" 64 61 91 137 7341.76183 0.0186603710624593
"1" 64 61 99 223 10171.36895 0.0219242858160209
"1" 65 51 0 497 49197.60855 0.0101021170469067
"1" 65 51 1 77 8367.66671 0.00920208735225784
"1" 65 51 2 87 6799.25597 0.0127955176836797
"1" 65 51 3 198 16519.02264 0.0119861812841489
"1" 65 51 4 140 11243.15881 0.0124520165876764
"1" 65 51 6 196 14456.82619 0.013557609216854
"1" 65 51 7 948 61340.74668 0.0154546537384928
"1" 65 51 90 29 3191.57289 0.00908642885483339
"1" 65 51 91 104 6815.01095 0.0152604303592498
"1" 65 51 99 190 8239.6304 0.0230592867369391
"1" 65 56 0 469 39605.37989 0.0118418255626534
"1" 65 56 1 69 7075.83772 0.00975149554447385
"1" 65 56 2 97 6947.61054 0.0139616346428077
"1" 65 56 3 188 14366.37101 0.0130861161715188
"1" 65 56 4 161 12931.11223 0.0124505918080644
"1" 65 56 6 208 13936.65028 0.014924676720811
"1" 65 56 7 992 55484.68648 0.0178788069814106
"1" 65 56 90 46 2763.71185 0.0166442822177717
"1" 65 56 91 115 6827.84327 0.0168428002009484
"1" 65 56 99 150 7598.89663 0.0197397079212538
"1" 65 61 0 490 35841.20952 0.0136714136203069
"1" 65 61 1 77 6895.86039 0.0111661193303248
"1" 65 61 2 122 7427.80766 0.0164247656353557
"1" 65 61 3 171 13441.83438 0.0127214779743477
"1" 65 61 4 214 14888.51479 0.0143734954774492
"1" 65 61 6 227 13657.46543 0.0166209463361607
"1" 65 61 7 848 52206.24085 0.0162432687393925
"1" 65 61 90 41 2676.60165 0.015317931228205
"1" 65 61 91 126 7212.22584 0.0174703347891835
"1" 65 61 99 229 9940.0164 0.0230381913655595
"1" 66 51 0 564 48667.48727 0.0115888456881082
"1" 66 51 1 101 8283.85426 0.0121923921920857
"1" 66 51 2 94 6710.25462 0.0140084103097715
"1" 66 51 3 217 16317.19856 0.0132988514665718
"1" 66 51 4 141 11103.56467 0.0126986246480789
"1" 66 51 6 249 14239.80289 0.0174861971000218
"1" 66 51 7 997 60360.0109 0.0165175583160804
"1" 66 51 90 49 3147.28405 0.0155689792282969
"1" 66 51 91 121 6693.15266 0.01807817722777
"1" 66 51 99 176 8054.23274 0.0218518641913494
"1" 66 56 0 487 39123.72064 0.0124476913758067
"1" 66 56 1 104 6992.29294 0.0148735187287505
"1" 66 56 2 110 6839.70841 0.0160825569463129
"1" 66 56 3 213 14163.0534 0.0150391299096563
"1" 66 56 4 168 12768.44352 0.0131574376890066
"1" 66 56 6 236 13713.98084 0.0172087158902579
"1" 66 56 7 951 54520.56249 0.0174429601707508
"1" 66 56 90 44 2719.08622 0.0161819068760534
"1" 66 56 91 134 6705.07323 0.0199848674881661
"1" 66 56 99 173 7436.73581 0.0232628944230305
"1" 66 61 0 541 35329.72064 0.0153128864366814
"1" 66 61 1 86 6815.26281 0.0126187356815958
"1" 66 61 2 134 7295.88434 0.0183665192258242
"1" 66 61 3 203 13252.19034 0.0153182224818543
"1" 66 61 4 204 14686.37512 0.0138904255361278
"1" 66 61 6 282 13401.24705 0.0210428178025417
"1" 66 61 7 972 51294.33401 0.0189494613539676
"1" 66 61 90 37 2639.42029 0.0140182297378641
"1" 66 61 91 165 7066.4456 0.0233497870556026
"1" 66 61 99 244 9705.86792 0.0251394313224901
"1" 67 51 0 582 48074.97268 0.0121060911230038
"1" 67 51 1 77 8187.23134 0.00940488875937882
"1" 67 51 2 78 6628.44488 0.011767466036468
"1" 67 51 3 223 16101.44081 0.0138496922499944
"1" 67 51 4 150 10955.12255 0.0136922247391929
"1" 67 51 6 224 14004.28332 0.0159951062743852
"1" 67 51 7 1055 59344.08084 0.0177776786676405
"1" 67 51 90 46 3099.09375 0.0148430488751752
"1" 67 51 91 115 6581.2991 0.0174737537760592
"1" 67 51 99 146 7886.24369 0.0185132498739714
"1" 67 56 0 484 38636.03137 0.0125271665550985
"1" 67 56 1 94 6893.38539 0.0136362606588575
"1" 67 56 2 110 6730.88704 0.0163425710974344
"1" 67 56 3 245 13934.00619 0.0175828829598073
"1" 67 56 4 194 12584.5723 0.0154157006988628
"1" 67 56 6 245 13475.16912 0.0181815899910576
"1" 67 56 7 1011 53524.30677 0.0188886145568289
"1" 67 56 90 48 2673.00822 0.0179572960684722
"1" 67 56 91 132 6568.38059 0.0200962776427667
"1" 67 56 99 171 7259.18209 0.0235563728640398
"1" 67 61 0 520 34803.22791 0.0149411428544704
"1" 67 61 1 106 6719.98566 0.0157738431840642
"1" 67 61 2 139 7158.14035 0.0194184513300302
"1" 67 61 3 227 13038.34085 0.0174101906532072
"1" 67 61 4 254 14461.73712 0.0175635885158449
"1" 67 61 6 236 13134.88157 0.0179674250386104
"1" 67 61 7 996 50288.88041 0.0198055711696048
"1" 67 61 90 50 2595.20531 0.0192662984340148
"1" 67 61 91 161 6899.49005 0.02333505792939
"1" 67 61 99 239 9468.41141 0.0252418267068097
"1" 68 51 0 633 47484.40521 0.0133306924073399
"1" 68 51 1 87 8107.77069 0.01073044654646
"1" 68 51 2 107 6531.52701 0.01638208030621
"1" 68 51 3 238 15859.93982 0.0150063621111521
"1" 68 51 4 137 10809.59824 0.0126739215425272
"1" 68 51 6 268 13757.77562 0.0194798932183777
"1" 68 51 7 1106 58262.84256 0.0189829392354316
"1" 68 51 90 51 3051.5284 0.0167129363764073
"1" 68 51 91 138 6458.75768 0.0213663380540389
"1" 68 51 99 169 7732.34702 0.021856235831485
"1" 68 56 0 561 38117.42988 0.0147176764479169
"1" 68 56 1 103 6796.68656 0.0151544431379516
"1" 68 56 2 133 6613.09717 0.0201116052858482
"1" 68 56 3 239 13707.04109 0.0174362941229061
"1" 68 56 4 199 12390.4223 0.0160607923750912
"1" 68 56 6 284 13216.01174 0.0214890850270991
"1" 68 56 7 1081 52504.53399 0.020588698115212
"1" 68 56 90 48 2624.46609 0.0182894342521301
"1" 68 56 91 153 6424.92474 0.0238135085143425
"1" 68 56 99 182 7087.40313 0.0256793633241517
"1" 68 61 0 572 34260.39979 0.0166956603981882
"1" 68 61 1 105 6613.30873 0.0158770751959133
"1" 68 61 2 126 7025.04719 0.0179358225777271
"1" 68 61 3 234 12814.58931 0.018260436939434
"1" 68 61 4 247 14204.38129 0.0173890009678838
"1" 68 61 6 269 12882.24025 0.0208814612039237
"1" 68 61 7 1128 49213.96438 0.0229203238188713
"1" 68 61 90 50 2541.51333 0.0196733180226916
"1" 68 61 91 159 6744.74947 0.0235738926563865
"1" 68 61 99 261 9211.70223 0.028333525496514
"1" 69 51 0 687 46808.82265 0.0146767203511366
"1" 69 51 1 95 8019.71184 0.0118458121557644
"1" 69 51 2 117 6416.9466 0.0182329708026556
"1" 69 51 3 231 15625.34834 0.0147836704163998
"1" 69 51 4 171 10658.38254 0.0160437101369041
"1" 69 51 6 274 13476.87199 0.0203311272974405
"1" 69 51 7 1181 57091.0411 0.0206862579004537
"1" 69 51 90 47 3004.29914 0.0156442477296052
"1" 69 51 91 141 6314.16773 0.0223307339984141
"1" 69 51 99 207 7545.45448 0.0274337351777384
"1" 69 56 0 638 37518.73572 0.0170048373900804
"1" 69 56 1 119 6679.31078 0.0178162094742356
"1" 69 56 2 98 6497.20398 0.015083411310722
"1" 69 56 3 233 13457.23004 0.0173141128826241
"1" 69 56 4 214 12181.75701 0.0175672523942423
"1" 69 56 6 292 12926.19372 0.0225897898735808
"1" 69 56 7 1134 51376.77766 0.0220722289650892
"1" 69 56 90 62 2569.67348 0.0241275790416765
"1" 69 56 91 143 6285.90623 0.0227493053137702
"1" 69 56 99 191 6897.91237 0.0276895370301725
"1" 69 61 0 563 33696.0479 0.0167081908736247
"1" 69 61 1 146 6491.22788 0.0224918925508436
"1" 69 61 2 161 6888.66803 0.0233717170429535
"1" 69 61 3 242 12575.89253 0.0192431669897548
"1" 69 61 4 258 13952.89323 0.0184907886663446
"1" 69 61 6 309 12603.50652 0.0245169865631965
"1" 69 61 7 1178 48078.03556 0.0245018330362082
"1" 69 61 90 56 2493.77343 0.0224559293664461
"1" 69 61 91 174 6574.5674 0.0264656196238858
"1" 69 61 99 247 8956.86719 0.0275766062799018
"1" 70 51 0 696 46131.55445 0.0150872869622107
"1" 70 51 1 115 7909.10681 0.014540200652569
"1" 70 51 2 113 6303.97882 0.0179251871280875
"1" 70 51 3 280 15372.01986 0.0182149127147953
"1" 70 51 4 199 10477.76247 0.0189926046300227
"1" 70 51 6 305 13191.13556 0.0231215878733643
"1" 70 51 7 1224 55908.69532 0.0218928378312943
"1" 70 51 90 45 2955.66666 0.0152249915760122
"1" 70 51 91 166 6163.17182 0.0269341833796222
"1" 70 51 99 188 7346.18482 0.0255915151342462
"1" 70 56 0 681 36853.26223 0.0184786897764953
"1" 70 56 1 114 6561.24162 0.0173747602363103
"1" 70 56 2 126 6378.92065 0.0197525579817332
"1" 70 56 3 259 13212.09372 0.0196032518001242
"1" 70 56 4 234 11952.99864 0.0195766775390514
"1" 70 56 6 315 12631.89868 0.0249368687938209
"1" 70 56 7 1257 50183.39155 0.0250481277007273
"1" 70 56 90 42 2518.67013 0.0166754667472076
"1" 70 56 91 139 6141.84466 0.0226316371863433
"1" 70 56 99 199 6704.09854 0.0296833345770004
"1" 70 61 0 617 33108.49692 0.0186356995151684
"1" 70 61 1 113 6359.93634 0.0177674734398363
"1" 70 61 2 145 6736.5955 0.0215242254043604
"1" 70 61 3 271 12318.2177 0.0219999359160538
"1" 70 61 4 297 13682.83916 0.0217060214277926
"1" 70 61 6 294 12294.48731 0.0239131565706582
"1" 70 61 7 1193 46900.48536 0.0254368369717869
"1" 70 61 90 64 2429.76248 0.0263400231614409
"1" 70 61 91 190 6391.63517 0.0297263524820363
"1" 70 61 99 294 8696.22179 0.0338077853922813
"1" 71 51 0 767 45398.0814 0.01689498710842
"1" 71 51 1 138 7786.40314 0.0177232025517754
"1" 71 51 2 138 6175.41072 0.0223466917840891
"1" 71 51 3 259 15106.26217 0.0171452075361406
"1" 71 51 4 170 10286.71936 0.0165261629145874
"1" 71 51 6 266 12907.73376 0.0206078003269878
"1" 71 51 7 1296 54652.31215 0.0237135438376874
"1" 71 51 90 62 2902.81381 0.0213585865501997
"1" 71 51 91 161 6000.40655 0.0268315152745775
"1" 71 51 99 178 7166.64758 0.0248372754503438
"1" 71 56 0 690 36163.23216 0.0190801529284544
"1" 71 56 1 130 6446.74751 0.02016520730777
"1" 71 56 2 158 6234.82485 0.0253415298426547
"1" 71 56 3 276 12941.4121 0.0213268844131778
"1" 71 56 4 229 11727.96371 0.0195259812924506
"1" 71 56 6 326 12293.43323 0.0265182226885532
"1" 71 56 7 1352 48880.93977 0.0276590426935648
"1" 71 56 90 56 2468.63589 0.0226845928258784
"1" 71 56 91 170 5985.87608 0.0284001869948501
"1" 71 56 99 238 6482.03282 0.0367168767281866
"1" 71 61 0 701 32429.76867 0.0216159420418092
"1" 71 61 1 132 6241.95549 0.0211472190424094
"1" 71 61 2 187 6562.78987 0.0284939794971677
"1" 71 61 3 316 12019.40453 0.0262908199163507
"1" 71 61 4 338 13364.04246 0.0252917484370219
"1" 71 61 6 369 11959.32237 0.0308545909696052
"1" 71 61 7 1330 45633.81447 0.0291450542858816
"1" 71 61 90 44 2377.70775 0.0185052178931578
"1" 71 61 91 176 6217.48325 0.0283072736866641
"1" 71 61 99 287 8403.38674 0.0341528967878967
"1" 72 51 0 829 44594.83158 0.0185895981805163
"1" 72 51 1 135 7646.94728 0.0176541036647503
"1" 72 51 2 136 6033.79947 0.0225396950422683
"1" 72 51 3 303 14819.56408 0.0204459455328324
"1" 72 51 4 212 10097.27247 0.0209957689692809
"1" 72 51 6 326 12612.81525 0.0258467275971556
"1" 72 51 7 1331 53333.15335 0.0249563342198291
"1" 72 51 90 59 2847.93568 0.020716760007726
"1" 72 51 91 160 5838.12251 0.0274060709973008
"1" 72 51 99 205 6972.33742 0.0294019046484988
"1" 72 56 0 736 35456.56951 0.0207577893228622
"1" 72 56 1 131 6310.16362 0.020760158989348
"1" 72 56 2 147 6086.53664 0.0241516659957213
"1" 72 56 3 319 12638.48323 0.0252403705567128
"1" 72 56 4 278 11471.46066 0.024234054253384
"1" 72 56 6 334 11969.32642 0.0279046613217856
"1" 72 56 7 1396 47508.12665 0.0293844463766074
"1" 72 56 90 49 2414.97329 0.020290079481583
"1" 72 56 91 174 5815.31341 0.029921001282715
"1" 72 56 99 213 6251.88434 0.0340697281677479
"1" 72 61 0 784 31695.29564 0.0247355320141131
"1" 72 61 1 125 6111.30457 0.0204538979473576
"1" 72 61 2 191 6376.85549 0.0299520665474575
"1" 72 61 3 322 11696.97466 0.0275284857289757
"1" 72 61 4 382 12993.4223 0.029399490848535
"1" 72 61 6 363 11587.12258 0.0313278812314075
"1" 72 61 7 1431 44247.5168 0.0323407979360324
"1" 72 61 90 67 2323.50169 0.0288357870744652
"1" 72 61 91 196 6031.71186 0.0324949209360939
"1" 72 61 99 292 8108.43322 0.0360118893598041
"1" 73 51 0 886 43741.53675 0.0202553468814742
"1" 73 51 1 150 7505.99725 0.0199840201113849
"1" 73 51 2 142 5910.58246 0.0240247050034389
"1" 73 51 3 304 14518.31282 0.0209390721751923
"1" 73 51 4 231 9877.98842 0.0233853280828203
"1" 73 51 6 348 12287.65975 0.0283210967002891
"1" 73 51 7 1465 51928.25114 0.0282120034439504
"1" 73 51 90 69 2779.03352 0.0248287757248786
"1" 73 51 91 135 5691.47915 0.0237196687261869
"1" 73 51 99 220 6758.83163 0.0325500045042548
"1" 73 56 0 831 34681.00073 0.0239612462878317
"1" 73 56 1 138 6179.10811 0.0223333202046857
"1" 73 56 2 142 5948.66394 0.0238709063803661
"1" 73 56 3 309 12328.70779 0.0250634539534333
"1" 73 56 4 283 11192.79539 0.0252841216281717
"1" 73 56 6 374 11608.89397 0.0322166780889291
"1" 73 56 7 1485 46066.7974 0.0322357985319813
"1" 73 56 90 63 2361.28542 0.0266803832634515
"1" 73 56 91 193 5625.83092 0.0343060434528665
"1" 73 56 99 242 6031.2382 0.0401244308341196
"1" 73 61 0 763 30923.31629 0.0246739383591513
"1" 73 61 1 144 5979.01981 0.0240842152352728
"1" 73 61 2 192 6175.92467 0.0310884620942114
"1" 73 61 3 303 11388.80917 0.0266050642764436
"1" 73 61 4 351 12636.93087 0.0277757315926505
"1" 73 61 6 394 11231.79331 0.0350789930980309
"1" 73 61 7 1482 42797.14041 0.0346284818518789
"1" 73 61 90 62 2253.87815 0.0275081419108659
"1" 73 61 91 222 5814.42509 0.0381809029377314
"1" 73 61 99 292 7827.84189 0.0373027462873295
"1" 74 51 0 992 42788.78233 0.0231836464134314
"1" 74 51 1 160 7353.37443 0.0217587179223784
"1" 74 51 2 153 5760.68439 0.0265593442795779
"1" 74 51 3 368 14180.89736 0.0259504029017244
"1" 74 51 4 244 9638.09719 0.0253162004065659
"1" 74 51 6 389 11913.21015 0.032652827835829
"1" 74 51 7 1568 50426.63113 0.0310946808236642
"1" 74 51 90 75 2706.94591 0.0277065011616726
"1" 74 51 91 178 5536.1533 0.0321522888464812
"1" 74 51 99 242 6533.48052 0.0370399818686534
"1" 74 56 0 840 33823.07531 0.0248351160354614
"1" 74 56 1 146 6036.00894 0.024188168283263
"1" 74 56 2 172 5789.66186 0.0297081253031934
"1" 74 56 3 339 12016.82269 0.0282104520259007
"1" 74 56 4 299 10898.809 0.0274341902862964
"1" 74 56 6 430 11215.38815 0.0383401799606909
"1" 74 56 7 1559 44546.82751 0.0349968805219638
"1" 74 56 90 66 2290.32647 0.0288168524725648
"1" 74 56 91 193 5437.79125 0.0354923517889731
"1" 74 56 99 220 5802.24563 0.0379163541202926
"1" 74 61 0 874 30109.56461 0.0290273210961585
"1" 74 61 1 149 5825.44626 0.0255774396243422
"1" 74 61 2 207 5993.38325 0.0345380883159775
"1" 74 61 3 352 11068.68505 0.0318014288427152
"1" 74 61 4 408 12251.18345 0.0333029051164849
"1" 74 61 6 397 10828.63862 0.0366620416408356
"1" 74 61 7 1485 41324.66874 0.0359349523003581
"1" 74 61 90 77 2190.4661 0.0351523358430427
"1" 74 61 91 205 5605.63311 0.0365703562786327
"1" 74 61 99 355 7501.26777 0.0473253336482348
"1" 75 51 0 1018 41806.79447 0.0243501089453415
"1" 75 51 1 169 7185.26762 0.0235203487104075
"1" 75 51 2 189 5582.97472 0.0338529206164845
"1" 75 51 3 365 13804.09241 0.0264414341167106
"1" 75 51 4 265 9392.24919 0.0282147539571403
"1" 75 51 6 400 11516.86931 0.0347316609430206
"1" 75 51 7 1713 48813.71396 0.0350925971624225
"1" 75 51 90 86 2630.87336 0.0326887646161729
"1" 75 51 91 207 5340.43255 0.03876090523791
"1" 75 51 99 240 6286.41131 0.0381775846607784
"1" 75 56 0 919 32943.14105 0.0278965505628371
"1" 75 56 1 149 5887.95962 0.0253058800698772
"1" 75 56 2 181 5607.5373 0.032277984133962
"1" 75 56 3 369 11647.11294 0.0316816709772542
"1" 75 56 4 333 10598.44076 0.0314197161205815
"1" 75 56 6 428 10792.00416 0.0396589913842287
"1" 75 56 7 1667 42923.3983 0.0388366267821809
"1" 75 56 90 62 2229.77069 0.0278055498164253
"1" 75 56 91 209 5229.2341 0.0399676120830008
"1" 75 56 99 224 5572.80566 0.0401951931695389
"1" 75 61 0 852 29245.321 0.0291328653906722
"1" 75 61 1 156 5677.36001 0.0274775599442742
"1" 75 61 2 210 5767.53391 0.0364107092003209
"1" 75 61 3 369 10705.83779 0.034467176435708
"1" 75 61 4 384 11866.05274 0.0323612247824882
"1" 75 61 6 417 10415.17514 0.0400377328652392
"1" 75 61 7 1623 39754.84125 0.0408252164759934
"1" 75 61 90 77 2106.8371 0.0365476761349988
"1" 75 61 91 237 5380.91166 0.0440445810998503
"1" 75 61 99 345 7140.11641 0.0483185399494068
"1" 76 51 0 1084 40752.75369 0.0265994295317029
"1" 76 51 1 192 7001.54619 0.0274225142261041
"1" 76 51 2 183 5392.02603 0.0339390052981625
"1" 76 51 3 396 13437.19234 0.029470442186139
"1" 76 51 4 295 9108.17519 0.03238848549201
"1" 76 51 6 426 11097.8179 0.038385924497824
"1" 76 51 7 1727 47058.47786 0.0366990195717308
"1" 76 51 90 89 2536.26756 0.0350909349642906
"1" 76 51 91 210 5134.79195 0.0408974700523163
"1" 76 51 99 237 6040.47224 0.0392353429638475
"1" 76 56 0 970 32014.9706 0.0302983254965101
"1" 76 56 1 159 5736.90968 0.027715269869823
"1" 76 56 2 179 5439.8056 0.0329055876555589
"1" 76 56 3 409 11259.84802 0.0363237584800012
"1" 76 56 4 347 10241.75083 0.0338809258065108
"1" 76 56 6 395 10376.41825 0.0380670854319119
"1" 76 56 7 1685 41256.52387 0.0408420255014568
"1" 76 56 90 79 2169.40042 0.0364155917329453
"1" 76 56 91 220 5022.70091 0.0438011348758571
"1" 76 56 99 275 5330.59685 0.0515889698167664
"1" 76 61 0 1012 28305.70975 0.0357525039625618
"1" 76 61 1 195 5502.09999 0.035441013495649
"1" 76 61 2 204 5568.44693 0.0366349904317037
"1" 76 61 3 379 10325.44359 0.0367054448263176
"1" 76 61 4 417 11460.07536 0.0363871952758258
"1" 76 61 6 444 9981.05533 0.0444842739890913
"1" 76 61 7 1743 38082.30579 0.0457692874378865
"1" 76 61 90 71 2034.53047 0.0348974866913642
"1" 76 61 91 236 5142.93433 0.0458882001707379
"1" 76 61 99 339 6802.46823 0.0498348523709312
"1" 77 51 0 1185 39633.58723 0.0298988833163967
"1" 77 51 1 197 6814.55512 0.0289087103311889
"1" 77 51 2 154 5223.50314 0.0294821302624889
"1" 77 51 3 418 13017.4141 0.0321108322120597
"1" 77 51 4 327 8791.42916 0.0371953176268328
"1" 77 51 6 439 10656.98975 0.041193621303802
"1" 77 51 7 1900 45249.3033 0.0419895967768414
"1" 77 51 90 94 2448.16634 0.0383960838216573
"1" 77 51 91 219 4921.12869 0.0445019859864709
"1" 77 51 99 240 5805.72627 0.0413384973453115
"1" 77 56 0 1095 30985.08266 0.0353395862136454
"1" 77 56 1 177 5562.56739 0.0318198392199613
"1" 77 56 2 192 5245.66998 0.0366016163296647
"1" 77 56 3 436 10841.06912 0.0402174356766761
"1" 77 56 4 385 9881.70016 0.0389609069053154
"1" 77 56 6 437 9951.28601 0.0439139222368708
"1" 77 56 7 1812 39528.34035 0.0458405281870125
"1" 77 56 90 95 2076.89799 0.0457412932447395
"1" 77 56 91 224 4798.25466 0.0466836414222333
"1" 77 56 99 258 5066.41884 0.0509235434629009
"1" 77 61 0 1023 27293.11429 0.0374819813206447
"1" 77 61 1 206 5303.64408 0.0388412187719806
"1" 77 61 2 268 5332.22242 0.0502604690672299
"1" 77 61 3 419 9921.40653 0.0422319152766337
"1" 77 61 4 465 11018.65579 0.042201154919642
"1" 77 61 6 477 9538.13003 0.0500098026027854
"1" 77 61 7 1735 36347.06027 0.0477342593076785
"1" 77 61 90 93 1958.38673 0.0474880668743093
"1" 77 61 91 258 4903.0877 0.0526199031683647
"1" 77 61 99 371 6440.39154 0.0576051933637563
"1" 78 51 0 1329 38353.85979 0.0346510105443549
"1" 78 51 1 235 6594.60713 0.0356351781641312
"1" 78 51 2 208 5053.26762 0.0411614851302888
"1" 78 51 3 431 12600.31688 0.0342054889654489
"1" 78 51 4 335 8457.65091 0.0396091070162176
"1" 78 51 6 460 10216.78643 0.0450239420341881
"1" 78 51 7 2020 43274.14917 0.0466791384404705
"1" 78 51 90 89 2360.53248 0.0377033575068622
"1" 78 51 91 212 4703.46887 0.0450731164294918
"1" 78 51 99 307 5531.81997 0.0554971061359396
"1" 78 56 0 1163 29859.40049 0.0389492079852538
"1" 78 56 1 219 5369.95694 0.040782449924077
"1" 78 56 2 259 5017.82263 0.0516160133782967
"1" 78 56 3 416 10421.57286 0.0399171992163187
"1" 78 56 4 413 9487.46753 0.0435311107726131
"1" 78 56 6 491 9503.32163 0.051666145703205
"1" 78 56 7 1938 37628.07591 0.051504095097378
"1" 78 56 90 74 1990.22932 0.0371816449774743
"1" 78 56 91 220 4574.90352 0.048088445808361
"1" 78 56 99 276 4799.02524 0.0575116791842503
"1" 78 61 0 1097 26226.50519 0.0418279138624341
"1" 78 61 1 191 5101.2272 0.0374419708261573
"1" 78 61 2 228 5084.77269 0.0448397625420695
"1" 78 61 3 451 9495.31626 0.0474971014814835
"1" 78 61 4 511 10535.02534 0.048504866719191
"1" 78 61 6 462 9068.55774 0.0509452564835299
"1" 78 61 7 1868 34536.36553 0.0540879149074723
"1" 78 61 90 93 1866.24848 0.049832592495936
"1" 78 61 91 258 4639.59406 0.0556083132842014
"1" 78 61 99 373 6062.3518 0.0615272772523693
"1" 79 51 0 1462 36964.41806 0.0395515492121885
"1" 79 51 1 199 6381.88021 0.0311820331080768
"1" 79 51 2 204 4844.55852 0.0421091001703908
"1" 79 51 3 443 12160.46327 0.0364295331653101
"1" 79 51 4 370 8116.56813 0.0455857690188575
"1" 79 51 6 445 9766.21564 0.045565244144046
"1" 79 51 7 2098 41223.47141 0.0508933364474266
"1" 79 51 90 92 2268.96641 0.0405470965081409
"1" 79 51 91 234 4488.59965 0.052132071970375
"1" 79 51 99 292 5242.48807 0.0556987438218434
"1" 79 56 0 1178 28684.22306 0.0410678719634807
"1" 79 56 1 194 5161.02198 0.037589454327416
"1" 79 56 2 234 4764.20327 0.0491162922189926
"1" 79 56 3 486 9956.08613 0.0488143627580289
"1" 79 56 4 411 9067.39761 0.0453272281284685
"1" 79 56 6 498 9001.26429 0.0553255613828888
"1" 79 56 7 1913 35705.52986 0.0535771351804832
"1" 79 56 90 72 1919.79541 0.037503996324275
"1" 79 56 91 242 4350.87885 0.0556209465588774
"1" 79 56 99 275 4519.40043 0.0608487794474985
"1" 79 61 0 1154 25108.66111 0.045960236387929
"1" 79 61 1 235 4888.28952 0.0480740756124445
"1" 79 61 2 235 4852.26903 0.0484309502517423
"1" 79 61 3 440 9048.38537 0.0486274602603492
"1" 79 61 4 528 10010.17514 0.0527463298709077
"1" 79 61 6 473 8598.70703 0.0550082702375778
"1" 79 61 7 1955 32648.79 0.0598797076400075
"1" 79 61 90 104 1767.04927 0.0588551783844714
"1" 79 61 91 275 4379.46546 0.0627930514606684
"1" 79 61 99 353 5717.88508 0.0617361131014546
"1" 80 51 0 1552 35467.96796 0.0437577929964951
"1" 80 51 1 236 6159.59752 0.0383141916714065
"1" 80 51 2 216 4635.89045 0.0465929905655989
"1" 80 51 3 528 11682.68991 0.0451950710039859
"1" 80 51 4 389 7742.74812 0.0502405598078528
"1" 80 51 6 509 9282.78935 0.0548326565225785
"1" 80 51 7 2274 39058.44213 0.0582204480258414
"1" 80 51 90 104 2169.15533 0.0479449297897906
"1" 80 51 91 245 4252.45248 0.0576138125357723
"1" 80 51 99 290 4937.5586 0.0587334801454306
"1" 80 56 0 1291 27437.51743 0.0470523619089688
"1" 80 56 1 236 4945.51886 0.0477199676476413
"1" 80 56 2 250 4534.72754 0.0551301038033257
"1" 80 56 3 517 9458.69883 0.0546586807860125
"1" 80 56 4 480 8617.06031 0.0557034513780721
"1" 80 56 6 510 8494.47167 0.0600390489029673
"1" 80 56 7 2049 33727.43411 0.0607517308704039
"1" 80 56 90 98 1831.83773 0.0534981884012183
"1" 80 56 91 265 4078.73708 0.0649710914928598
"1" 80 56 99 284 4241.85417 0.0669518537455992
"1" 80 61 0 1260 23915.98907 0.0526844194614779
"1" 80 61 1 234 4655.55516 0.0502625341034516
"1" 80 61 2 310 4585.18833 0.0676090004791581
"1" 80 61 3 493 8578.10681 0.0574718887185318
"1" 80 61 4 558 9458.63927 0.058993686519985
"1" 80 61 6 535 8089.77884 0.066132833861253
"1" 80 61 7 2070 30606.12268 0.0676335261948313
"1" 80 61 90 103 1659.4497 0.0620687689418968
"1" 80 61 91 283 4091.52427 0.0691673765875034
"1" 80 61 99 414 5326.08008 0.0777307126031796
"1" 81 51 0 1540 33883.86651 0.0454493586068611
"1" 81 51 1 249 5908.7433 0.0421409405279123
"1" 81 51 2 219 4416.49426 0.0495868413061178
"1" 81 51 3 521 11144.55589 0.0467492832502633
"1" 81 51 4 357 7345.91436 0.0485984429581616
"1" 81 51 6 531 8762.36334 0.0606000891992228
"1" 81 51 7 2150 36800.81604 0.0584226175219347
"1" 81 51 90 90 2073.53873 0.0434040602656117
"1" 81 51 91 253 3977.7872 0.063603201297445
"1" 81 51 99 300 4646.66465 0.0645624383502692
"1" 81 56 0 1368 26105.72014 0.0524023084850246
"1" 81 56 1 251 4696.47714 0.0534443142205947
"1" 81 56 2 247 4286.74545 0.0576194698008019
"1" 81 56 3 539 8936.67149 0.0603132833743674
"1" 81 56 4 484 8146.20197 0.0594141910282148
"1" 81 56 6 552 7964.22113 0.069309979091452
"1" 81 56 7 2122 31624.38412 0.0671001209683005
"1" 81 56 90 91 1737.16705 0.0523841388771448
"1" 81 56 91 246 3833.8365 0.0641654906253827
"1" 81 56 99 284 3968.16772 0.0715695555327989
"1" 81 61 0 1289 22636.75713 0.0569427852495584
"1" 81 61 1 252 4418.51197 0.0570327752218356
"1" 81 61 2 277 4284.07529 0.0646580606663428
"1" 81 61 3 475 8098.68301 0.0586515115375531
"1" 81 61 4 599 8887.58793 0.0673973641349954
"1" 81 61 6 557 7535.27517 0.0739189992978053
"1" 81 61 7 2131 28480.2404 0.0748238066136549
"1" 81 61 90 111 1554.84051 0.0713899588324979
"1" 81 61 91 271 3813.65297 0.0710604772200864
"1" 81 61 99 419 4918.73855 0.0851844422590829
"1" 82 51 0 1260 24852.19634 0.0506997443108081
"1" 82 51 1 201 4389.54215 0.0457906526766123
"1" 82 51 2 214 3316.38266 0.0645281386195645
"1" 82 51 3 430 8247.17249 0.0521390816696742
"1" 82 51 4 332 5489.97401 0.0604738746295085
"1" 82 51 6 429 6367.53397 0.067373021018999
"1" 82 51 7 1735 26872.97419 0.0645630062282287
"1" 82 51 90 74 1514.94933 0.0488465181868492
"1" 82 51 91 176 2925.59755 0.0601586503242731
"1" 82 51 99 212 3400.10671 0.0623509842724907
"1" 82 56 0 1452 24709.16728 0.0587636152827891
"1" 82 56 1 260 4434.80904 0.0586271015628668
"1" 82 56 2 314 4005.89459 0.0783844888939027
"1" 82 56 3 536 8399.82478 0.0638108548735704
"1" 82 56 4 524 7642.31697 0.0685655936618394
"1" 82 56 6 557 7412.75302 0.0751407740817999
"1" 82 56 7 2216 29471.27112 0.0751918704482401
"1" 82 56 90 116 1631.26906 0.0711102802378904
"1" 82 56 91 290 3567.16694 0.0812970082078637
"1" 82 56 99 300 3662.68376 0.0819071532400056
"1" 82 61 0 1409 21284.52009 0.0661983448084405
"1" 82 61 1 276 4150.12593 0.0665040060603655
"1" 82 61 2 288 4006.80291 0.0718777555245411
"1" 82 61 3 532 7593.98697 0.0700554270242578
"1" 82 61 4 630 8272.04043 0.0761601693477216
"1" 82 61 6 536 7002.85155 0.0765402488076447
"1" 82 61 7 2154 26347.79195 0.0817525811683814
"1" 82 61 90 105 1450.54761 0.0723864554849048
"1" 82 61 91 289 3535.73098 0.0817369878066911
"1" 82 61 99 404 4510.56544 0.0895674844704171
"1" 83 51 0 898 16898.51217 0.0531407730435714
"1" 83 51 1 172 3071.23415 0.0560035450244
"1" 83 51 2 127 2301.27931 0.0551866952647308
"1" 83 51 3 345 5635.12466 0.0612231353902293
"1" 83 51 4 257 3845.24915 0.0668357211651682
"1" 83 51 6 283 4381.30666 0.0645926026095603
"1" 83 51 7 1244 18267.90098 0.0680975882977443
"1" 83 51 90 63 1052.26424 0.0598708932653646
"1" 83 51 91 141 1960.1287 0.0719340520854574
"1" 83 51 99 159 2294.69473 0.0692902624132492
"1" 83 56 0 1557 23230.49484 0.0670239704631277
"1" 83 56 1 239 4196.57221 0.0569512421186242
"1" 83 56 2 282 3694.49961 0.0763296873104826
"1" 83 56 3 556 7856.87608 0.0707660391151288
"1" 83 56 4 528 7103.52159 0.0743293299401375
"1" 83 56 6 568 6847.80157 0.0829463287149543
"1" 83 56 7 2376 27183.827 0.0874049117513881
"1" 83 56 90 105 1523.55648 0.0689176944723441
"1" 83 56 91 270 3289.69956 0.0820743642620057
"1" 83 56 99 306 3349.20534 0.0913649564406821
"1" 83 61 0 1454 19855.33062 0.0732297047995467
"1" 83 61 1 278 3872.13825 0.0717949572177595
"1" 83 61 2 303 3703.75019 0.0818089731910348
"1" 83 61 3 573 7053.81457 0.0812326428932481
"1" 83 61 4 632 7650.84943 0.0826052068835447
"1" 83 61 6 563 6442.69545 0.0873857850909281
"1" 83 61 7 2214 24161.51137 0.0916333405678007
"1" 83 61 90 119 1327.19509 0.0896627789664291
"1" 83 61 91 295 3239.73243 0.0910569024985807
"1" 83 61 99 389 4102.95954 0.0948096115030177
"1" 84 51 0 589 10295.35937 0.0572102418995016
"1" 84 51 1 103 1841.924 0.0559197882214467
"1" 84 51 2 96 1392.03013 0.068964024507142
"1" 84 51 3 197 3367.27375 0.0585043018851675
"1" 84 51 4 163 2400.30455 0.0679080494181457
"1" 84 51 6 194 2615.42096 0.0741754398114176
"1" 84 51 7 774 11051.36139 0.070036620167029
"1" 84 51 90 46 623.50238 0.0737767833380203
"1" 84 51 91 100 1195.34359 0.0836579547810182
"1" 84 51 99 98 1370.03011 0.0715312745936657
"1" 84 56 0 1611 21638.1389 0.0744518744169814
"1" 84 56 1 284 3938.22388 0.072113726556348
"1" 84 56 2 309 3399.80347 0.0908876065121494
"1" 84 56 3 608 7273.20198 0.0835945435960518
"1" 84 56 4 607 6548.4421 0.0926938026985075
"1" 84 56 6 619 6251.81318 0.0990112759575455
"1" 84 56 7 2317 24827.29202 0.0933247169338285
"1" 84 56 90 119 1410.03151 0.0843952770956161
"1" 84 56 91 301 3005.25384 0.100157928755862
"1" 84 56 99 300 3049.03967 0.0983916355538923
"1" 84 61 0 1485 18376.30061 0.0808106066349336
"1" 84 61 1 267 3602.629 0.0741125439227853
"1" 84 61 2 293 3409.94869 0.0859250465730615
"1" 84 61 3 563 6471.88692 0.0869916311825794
"1" 84 61 4 705 6976.64201 0.101051479922502
"1" 84 61 6 574 5868.49893 0.0978103611923126
"1" 84 61 7 2261 21958.07873 0.102968935843687
"1" 84 61 90 120 1210.69746 0.0991164217029083
"1" 84 61 91 304 2945.38402 0.103212347841827
"1" 84 61 99 384 3717.83635 0.103285880240533
"1" 85 51 0 239 4599.58248 0.0519612380121945
"1" 85 51 1 44 806.14031 0.0545810691441543
"1" 85 51 2 28 607.87544 0.0460620682421385
"1" 85 51 3 82 1491.43944 0.054980442249804
"1" 85 51 4 57 1153.14168 0.0494301792993902
"1" 85 51 6 62 1186.89734 0.0522370367769128
"1" 85 51 7 310 4894.99935 0.0633299369079589
"1" 85 51 90 13 259.43394 0.0501090952093624
"1" 85 51 91 33 519.5763 0.0635132895784507
"1" 85 51 99 31 600.90282 0.0515890406372198
"1" 85 56 0 1723 19969.49674 0.0862815934939781
"1" 85 56 1 307 3634.44697 0.0844695224704297
"1" 85 56 2 288 3114.62633 0.0924669509231305
"1" 85 56 3 613 6653.44958 0.0921326588004294
"1" 85 56 4 598 5946.36406 0.100565655578108
"1" 85 56 6 608 5634.84395 0.107900059947534
"1" 85 56 7 2486 22418.1778 0.110892152884968
"1" 85 56 90 109 1300.09174 0.0838402373050997
"1" 85 56 91 308 2702.28887 0.113977452010895
"1" 85 56 99 313 2750.10608 0.113813791502908
"1" 85 61 0 1672 16803.80495 0.0995012739659299
"1" 85 61 1 296 3316.97802 0.0892378539186099
"1" 85 61 2 337 3101.87615 0.108643925064513
"1" 85 61 3 575 5902.26766 0.0974201837535778
"1" 85 61 4 715 6259.58106 0.114224896705787
"1" 85 61 6 584 5297.36683 0.110243450895773
"1" 85 61 7 2177 19724.69467 0.110369262309093
"1" 85 61 90 118 1095.90486 0.107673580350761
"1" 85 61 91 297 2645.53054 0.112264816266305
"1" 85 61 99 378 3334.53176 0.113359244177659
"1" 86 56 0 1664 18231.37719 0.0912712178931119
"1" 86 56 1 325 3323.46269 0.0977895738014137
"1" 86 56 2 269 2821.09649 0.0953529951752909
"1" 86 56 3 566 6058.90823 0.0934161697973102
"1" 86 56 4 535 5363.20529 0.0997537798893393
"1" 86 56 6 613 5015.35121 0.122224740468375
"1" 86 56 7 2167 20070.54288 0.107969177164579
"1" 86 56 90 118 1182.80971 0.0997624546048071
"1" 86 56 91 244 2418.35733 0.100894932677298
"1" 86 56 99 295 2441.1479 0.120844787814782
"1" 86 61 0 1572 15173.23405 0.103603489857194
"1" 86 61 1 317 3009.93968 0.105317725171157
"1" 86 61 2 319 2765.19162 0.11536271037882
"1" 86 61 3 605 5314.8233 0.113832570877756
"1" 86 61 4 682 5564.61383 0.122560166946931
"1" 86 61 6 594 4701.6612 0.126338324845695
"1" 86 61 7 2186 17523.50856 0.124746707687858
"1" 86 61 90 127 974.43532 0.130331893141969
"1" 86 61 91 291 2348.09861 0.12393005930871
"1" 86 61 99 399 2950.01775 0.135253423475164
"1" 87 56 0 1345 12997.40851 0.103482167153951
"1" 87 56 1 241 2392.46675 0.100732852400143
"1" 87 56 2 224 2025.43193 0.110593694452126
"1" 87 56 3 444 4341.1403 0.102277274936265
"1" 87 56 4 486 3838.38957 0.126615600406605
"1" 87 56 6 406 3538.05617 0.11475227653042
"1" 87 56 7 1733 14005.85021 0.123734009290108
"1" 87 56 90 109 819.6393 0.132985326594271
"1" 87 56 91 215 1714.8823 0.125373035805431
"1" 87 56 99 215 1705.48048 0.126064181045332
"1" 87 61 0 1588 13609.38732 0.116684165323616
"1" 87 61 1 296 2700.01086 0.109629188676671
"1" 87 61 2 324 2437.81996 0.13290563098023
"1" 87 61 3 578 4716.31414 0.12255332932509
"1" 87 61 4 665 4888.6879 0.136028319582438
"1" 87 61 6 584 4105.61459 0.142244233402337
"1" 87 61 7 2196 15347.15804 0.143088381202335
"1" 87 61 90 122 847.63036 0.143930663361326
"1" 87 61 91 313 2046.77199 0.152923726496765
"1" 87 61 99 381 2561.59742 0.148735315325232
"1" 88 56 0 956 8539.10258 0.111955558683545
"1" 88 56 1 181 1609.56464 0.112452768594618
"1" 88 56 2 164 1331.50375 0.12316901097725
"1" 88 56 3 335 2849.95892 0.117545553954862
"1" 88 56 4 293 2557.08209 0.114583728518469
"1" 88 56 6 310 2306.41476 0.134407741996934
"1" 88 56 7 1213 9080.60098 0.133581466983477
"1" 88 56 90 57 526.31281 0.108300613089771
"1" 88 56 91 140 1103.70494 0.126845495499911
"1" 88 56 99 149 1100.10471 0.135441652640502
"1" 88 61 0 1580 12004.90014 0.131612923187548
"1" 88 61 1 292 2409.82067 0.121170842144034
"1" 88 61 2 306 2124.55369 0.144030250419325
"1" 88 61 3 534 4165.55996 0.128194049570229
"1" 88 61 4 615 4240.65227 0.145024859583689
"1" 88 61 6 529 3560.70497 0.148566085777109
"1" 88 61 7 2103 13172.77411 0.159647465479843
"1" 88 61 90 110 731.43605 0.150389087330328
"1" 88 61 91 311 1741.44428 0.178587396433953
"1" 88 61 99 379 2166.91996 0.174902629998387
"1" 89 56 0 577 4877.16763 0.118306370371773
"1" 89 56 1 117 892.1437 0.131144792032943
"1" 89 56 2 100 753.91995 0.132640076708409
"1" 89 56 3 183 1664.66673 0.109931914119531
"1" 89 56 4 192 1512.03215 0.126981426949156
"1" 89 56 6 173 1341.23817 0.128985294237488
"1" 89 56 7 712 5077.66184 0.140222019983907
"1" 89 56 90 33 303.93909 0.10857438574288
"1" 89 56 91 87 655.63518 0.132695747046399
"1" 89 56 99 78 605.14098 0.128895583967888
"1" 89 61 0 1579 10421.10413 0.151519453246266
"1" 89 61 1 297 2112.89943 0.140565138019844
"1" 89 61 2 302 1825.75289 0.165411212905159
"1" 89 61 3 581 3601.83782 0.161306541003559
"1" 89 61 4 678 3589.26828 0.188896439917275
"1" 89 61 6 547 3022.37639 0.180983414841988
"1" 89 61 7 1993 11136.47127 0.178961535631924
"1" 89 61 90 100 625.91644 0.159765734863906
"1" 89 61 91 269 1453.17445 0.185111980189302
"1" 89 61 99 356 1810.28749 0.196653847505735
"1" 90 56 0 233 2020.95213 0.115292191507772
"1" 90 56 1 47 363.74266 0.129212229327184
"1" 90 56 2 33 327.19025 0.100858751139436
"1" 90 56 3 67 687.2936 0.097483811867301
"1" 90 56 4 63 641.67009 0.0981812943782373
"1" 90 56 6 63 609.23339 0.10340864606912
"1" 90 56 7 250 2087.71603 0.119748086620765
"1" 90 56 90 10 103.71868 0.0964146477760805
"1" 90 56 91 37 277.6037 0.133283526120149
"1" 90 56 99 34 249.45927 0.136294794737433
"1" 90 61 0 1597 8842.22657 0.180610617400183
"1" 90 61 1 306 1808.44142 0.169206476148948
"1" 90 61 2 280 1539.88984 0.18183118865178
"1" 90 61 3 553 3033.10272 0.182321553554243
"1" 90 61 4 582 2962.07864 0.196483642311401
"1" 90 61 6 511 2508.30796 0.203722991015824
"1" 90 61 7 1978 9175.29359 0.215578932771785
"1" 90 61 90 97 528.44146 0.18355864810456
"1" 90 61 91 224 1207.29717 0.185538412220415
"1" 90 61 99 299 1481.89253 0.201769017622351
"1" 91 61 0 1263 7398.4827 0.170710678285427
"1" 91 61 1 298 1498.06493 0.19892328698997
"1" 91 61 2 265 1261.62282 0.210046929874017
"1" 91 61 3 454 2527.41749 0.1796299985247
"1" 91 61 4 509 2409.90344 0.211211781995713
"1" 91 61 6 451 2005.21828 0.224913170051492
"1" 91 61 7 1539 7369.62636 0.208830125819296
"1" 91 61 90 93 427.71729 0.217433342477224
"1" 91 61 91 214 971.13279 0.220361213423758
"1" 91 61 99 249 1201.66668 0.207212202971293
"1" 92 61 0 886 4721.48596 0.187652787174655
"1" 92 61 1 183 971.99927 0.188271746335777
"1" 92 61 2 170 772.76931 0.219988032392228
"1" 92 61 3 329 1612.85075 0.203986636705225
"1" 92 61 4 349 1520.28059 0.229562886151168
"1" 92 61 6 281 1232.76869 0.227942194086711
"1" 92 61 7 1025 4563.28755 0.22461876197129
"1" 92 61 90 73 267.2984 0.273103018948112
"1" 92 61 91 130 611.41817 0.212620439461261
"1" 92 61 99 171 814.84664 0.209855439791713
"1" 93 61 0 575 2805.37643 0.204963581304488
"1" 93 61 1 121 570.85014 0.211964562187897
"1" 93 61 2 92 443.83163 0.207285812414947
"1" 93 61 3 222 908.15206 0.244452454361002
"1" 93 61 4 197 852.09311 0.231195391311168
"1" 93 61 6 159 672.02117 0.236599689262765
"1" 93 61 7 590 2602.39361 0.226714359323992
"1" 93 61 90 33 133.77824 0.246676888558259
"1" 93 61 91 89 349.76932 0.254453420900381
"1" 93 61 99 125 504.72212 0.24766102979596
"1" 94 61 0 299 1460.08476 0.204782631934327
"1" 94 61 1 65 287.01643 0.226467871543103
"1" 94 61 2 47 218.48389 0.215118835535197
"1" 94 61 3 113 453.82068 0.248997026755149
"1" 94 61 4 104 438.91856 0.236946006566685
"1" 94 61 6 69 310.49691 0.22222443373108
"1" 94 61 7 316 1274.99799 0.247843527972934
"1" 94 61 90 17 61.42642 0.276753878868409
"1" 94 61 91 44 167.64339 0.262461884122004
"1" 94 61 99 70 270.14715 0.259118039927499
"1" 95 61 0 106 523.00474 0.202675027381205
"1" 95 61 1 25 112.38674 0.22244617114083
"1" 95 61 2 12 81.83984 0.146627852644873
"1" 95 61 3 28 156.28679 0.179157816217225
"1" 95 61 4 36 164.71595 0.218558069209448
"1" 95 61 6 11 109.30048 0.100639997189399
"1" 95 61 7 81 434.9521 0.1862274029715
"1" 95 61 90 4 18.128 0.220653133274492
"1" 95 61 91 13 63.79194 0.20378750042717
"1" 95 61 99 19 98.40041 0.193088626358366
"2" 51 51 0 127 63047.91381 0.00201434103565623
"2" 51 51 1 15 4022.77756 0.00372876694678589
"2" 51 51 2 74 36939.51129 0.00200327501409129
"2" 51 51 3 29 16858.33197 0.0017202176378782
"2" 51 51 4 9 4546.13141 0.00197970520170247
"2" 51 51 6 10 6379.25188 0.00156758193407469
"2" 51 51 7 40 14179.46545 0.00282098081490089
"2" 51 51 91 106 38538.33058 0.00275050834856376
"2" 51 51 99 24 8898.23204 0.00269716499773364
"2" 52 51 0 135 62913.25667 0.00214581166427479
"2" 52 51 1 10 4012.06365 0.00249248288969693
"2" 52 51 2 98 36854.67351 0.00265909288203053
"2" 52 51 3 53 16816.82205 0.0031516061621167
"2" 52 51 4 8 4537.28473 0.00176316904846304
"2" 52 51 6 15 6366.21358 0.0023561886216202
"2" 52 51 7 45 14137.35659 0.00318305616142063
"2" 52 51 91 99 38437.26767 0.00257562532409838
"2" 52 51 99 36 8867.30255 0.00405985921840459
"2" 53 51 0 159 62764.90208 0.00253326293407323
"2" 53 51 1 6 4001.95551 0.00149926704207664
"2" 53 51 2 89 36759.27991 0.00242115733001039
"2" 53 51 3 39 16768.23205 0.00232582659183799
"2" 53 51 4 12 4526.56604 0.00265101622155942
"2" 53 51 6 15 6350.89116 0.00236187325874437
"2" 53 51 7 43 14094.44218 0.00305084794778306
"2" 53 51 91 113 38321.71802 0.00294871957308975
"2" 53 51 99 29 8832.05407 0.00328349439101656
"2" 54 51 0 150 62616.00481 0.00239555366803033
"2" 54 51 1 16 3990.67419 0.00400934760349353
"2" 54 51 2 109 36660.67217 0.00297321335229626
"2" 54 51 3 50 16723.48803 0.00298980690573078
"2" 54 51 4 9 4516.08626 0.0019928760173859
"2" 54 51 6 29 6327.29364 0.00458331818467651
"2" 54 51 7 55 14039.76314 0.00391744500612708
"2" 54 51 91 125 38209.81521 0.00327141074388881
"2" 54 51 99 33 8802.32787 0.00374900827228559
"2" 55 51 0 202 62439.53666 0.00323512970795962
"2" 55 51 1 9 3978.63587 0.00226208185269289
"2" 55 51 2 148 36533.63998 0.00405106088747306
"2" 55 51 3 54 16669.28682 0.00323949072225515
"2" 55 51 4 17 4501.39905 0.00377660363170868
"2" 55 51 6 22 6302.73919 0.00349054583043916
"2" 55 51 7 43 13994.3628 0.00307266580226146
"2" 55 51 91 142 38068.3052 0.00373013716407843
"2" 55 51 99 46 8759.75565 0.00525128803107653
"2" 56 51 0 186 62240.80153 0.0029883933919191
"2" 56 51 1 12 3969.36208 0.00302315580139769
"2" 56 51 2 126 36396.26148 0.00346189402088008
"2" 56 51 3 63 16615.31487 0.00379168258278093
"2" 56 51 4 8 4490.12388 0.00178168803663386
"2" 56 51 6 20 6282.81177 0.00318328810923457
"2" 56 51 7 63 13941.56469 0.00451886150520742
"2" 56 51 91 149 37927.80213 0.00392851659290177
"2" 56 51 99 52 8716.21971 0.00596588908151789
"2" 56 56 0 142 49313.81456 0.00287951766187604
"2" 56 56 1 12 3480.87337 0.00344741067096043
"2" 56 56 2 101 32356.12943 0.00312151056938086
"2" 56 56 3 40 16427.15061 0.00243499319812957
"2" 56 56 4 14 5014.96851 0.00279164265380402
"2" 56 56 6 25 6486.73307 0.00385402015625101
"2" 56 56 7 48 14010.47843 0.00342600720166842
"2" 56 56 91 137 36986.91718 0.00370401240344735
"2" 56 56 99 47 8567.26759 0.00548599649844718
"2" 57 51 0 201 62044.30458 0.00323962048346969
"2" 57 51 1 12 3956.68309 0.00303284335061568
"2" 57 51 2 150 36258.45724 0.00413696586722177
"2" 57 51 3 62 16554.07461 0.00374530147173234
"2" 57 51 4 15 4479.10814 0.0033488809671829
"2" 57 51 6 29 6257.09924 0.00463473550405123
"2" 57 51 7 66 13877.35384 0.00475594992827537
"2" 57 51 91 164 37773.17112 0.00434170590229227
"2" 57 51 99 50 8666.4976 0.00576934331580499
"2" 57 56 0 147 49165.31208 0.00298991288331104
"2" 57 56 1 7 3472.14374 0.00201604556843606
"2" 57 56 2 136 32241.00549 0.00421823072615345
"2" 57 56 3 53 16383.37372 0.00323498693894166
"2" 57 56 4 14 5002.27311 0.00279872763684428
"2" 57 56 6 29 6462.24161 0.00448760689404183
"2" 57 56 7 66 13949.27103 0.00473143004090014
"2" 57 56 91 148 36847.92749 0.00401650812084791
"2" 57 56 99 49 8522.76251 0.00574930956277462
"2" 58 51 0 218 61839.16762 0.00352527384164684
"2" 58 51 1 19 3941.08487 0.00482100757195823
"2" 58 51 2 138 36113.67967 0.00382126665742782
"2" 58 51 3 47 16497.33061 0.00284894575438226
"2" 58 51 4 9 4466.87815 0.00201482997694934
"2" 58 51 6 30 6229.66261 0.00481567010576838
"2" 58 51 7 80 13806.40656 0.0057944114315579
"2" 58 51 91 158 37610.68107 0.0042009342959234
"2" 58 51 99 62 8607.32718 0.00720316524554374
"2" 58 56 0 195 48992.70566 0.00398018434322168
"2" 58 56 1 21 3459.8371 0.0060696499265818
"2" 58 56 2 153 32095.7823 0.00476698148591318
"2" 58 56 3 68 16319.21835 0.00416686623964438
"2" 58 56 4 15 4988.05886 0.0030071818358615
"2" 58 56 6 21 6438.73855 0.00326150842077599
"2" 58 56 7 63 13890.44626 0.00453549143208017
"2" 58 56 91 168 36683.57971 0.00457970572468976
"2" 58 56 99 48 8473.47914 0.00566473336476521
"2" 59 51 0 250 61609.78237 0.0040577971611491
"2" 59 51 1 19 3924.93019 0.00484085043051428
"2" 59 51 2 151 35967.91922 0.00419818558522663
"2" 59 51 3 68 16438.79398 0.00413655649451725
"2" 59 51 4 16 4456.44009 0.00359030968146595
"2" 59 51 6 28 6199.70225 0.00451634592612895
"2" 59 51 7 83 13726.66668 0.00604662456916307
"2" 59 51 91 181 37436.27445 0.00483488281510876
"2" 59 51 99 56 8551.42023 0.00654861981914319
"2" 59 56 0 199 48800.5099 0.00407782624418849
"2" 59 56 1 9 3443.78646 0.00261340245817681
"2" 59 56 2 161 31943.79746 0.00504010207933493
"2" 59 56 3 72 16251.33609 0.00443040495878391
"2" 59 56 4 18 4972.55033 0.00361987286310685
"2" 59 56 6 32 6411.35593 0.00499114389364435
"2" 59 56 7 81 13810.8446 0.0058649562967351
"2" 59 56 91 180 36507.5359 0.00493048888572071
"2" 59 56 99 48 8426.25392 0.00569648155108053
"2" 60 51 0 250 61357.11975 0.00407450677311169
"2" 60 51 1 16 3904.96645 0.00409734634211774
"2" 60 51 2 178 35801.48734 0.00497186047913506
"2" 60 51 3 80 16365.14032 0.00488843960000949
"2" 60 51 4 20 4434.86038 0.00450972483602742
"2" 60 51 6 29 6170.83639 0.00469952501852022
"2" 60 51 7 80 13643.72415 0.00586350171848058
"2" 60 51 91 193 37252.09239 0.00518091703358411
"2" 60 51 99 52 8493.88433 0.0061220518174869
"2" 60 56 0 240 48583.45107 0.00493995372321746
"2" 60 56 1 24 3427.08212 0.00700304199305268
"2" 60 56 2 175 31773.7221 0.0055076959334267
"2" 60 56 3 74 16179.75084 0.00457361801994226
"2" 60 56 4 17 4954.02944 0.00343155005554428
"2" 60 56 6 28 6383.94178 0.00438600491121647
"2" 60 56 7 83 13737.07049 0.00604204514058659
"2" 60 56 91 176 36328.5462 0.00484467501207081
"2" 60 56 99 56 8375.13279 0.00668646114684469
"2" 61 51 0 252 61106.2094 0.00412396714629136
"2" 61 51 1 24 3885.24846 0.00617721112229718
"2" 61 51 2 196 35616.41683 0.00550308024907513
"2" 61 51 3 79 16287.74811 0.00485027147193523
"2" 61 51 4 24 4416.11155 0.00543464532729025
"2" 61 51 6 33 6141.50171 0.00537327864718611
"2" 61 51 7 84 13562.90548 0.00619336322323172
"2" 61 51 91 208 37051.53934 0.0056138018475105
"2" 61 51 99 61 8441.13003 0.00722652059418637
"2" 61 56 0 221 48344.69542 0.00457133917340957
"2" 61 56 1 16 3408.61806 0.00469398440023521
"2" 61 56 2 212 31572.69541 0.0067146626934124
"2" 61 56 3 81 16101.01166 0.00503073978893075
"2" 61 56 4 24 4930.36619 0.00486779258885028
"2" 61 56 6 36 6348.21557 0.00567088492869186
"2" 61 56 7 77 13651.34975 0.0056404678958577
"2" 61 56 91 191 36149.23475 0.00528365265048937
"2" 61 56 99 59 8316.85898 0.00709402433561522
"2" 61 61 0 171 37406.08151 0.00457144916273268
"2" 61 61 1 18 3203.87405 0.00561819838080089
"2" 61 61 2 157 29231.14784 0.00537098306434483
"2" 61 61 3 66 14668.92881 0.00449930604032974
"2" 61 61 4 22 4766.81724 0.00461523882547677
"2" 61 61 6 23 5748.61463 0.00400096396790473
"2" 61 61 7 65 12807.69949 0.00507507222907211
"2" 61 61 91 195 35640.95752 0.00547123347880245
"2" 61 61 99 64 10285.88086 0.0062221214566936
"2" 62 51 0 318 60821.68779 0.00522839815129701
"2" 62 51 1 30 3858.57771 0.00777488552899975
"2" 62 51 2 217 35413.44148 0.00612761682940508
"2" 62 51 3 96 16198.97265 0.00592630175222871
"2" 62 51 4 15 4393.66598 0.00341400554076712
"2" 62 51 6 38 6103.68033 0.00622575199641886
"2" 62 51 7 106 13469.52429 0.0078696171978914
"2" 62 51 91 218 36833.09314 0.00591859063183744
"2" 62 51 99 55 8383.26557 0.0065606892136187
"2" 62 56 0 271 48104.62702 0.0056335537096531
"2" 62 56 1 22 3388.86859 0.00649184216375885
"2" 62 56 2 180 31378.82544 0.0057363523801801
"2" 62 56 3 84 16019.32303 0.00524366727874143
"2" 62 56 4 22 4910.38949 0.00448029632777664
"2" 62 56 6 38 6310.83982 0.00602138559745603
"2" 62 56 7 75 13575.44286 0.00552468164563436
"2" 62 56 91 235 35939.10603 0.00653883821717309
"2" 62 56 99 81 8244.60168 0.00982461047166077
"2" 62 61 0 174 37235.01852 0.0046730203694283
"2" 62 61 1 10 3190.5681 0.00313423806876274
"2" 62 61 2 169 29066.91096 0.00581417131777666
"2" 62 61 3 83 14593.26625 0.00568755469667389
"2" 62 61 4 28 4740.39562 0.00590667999984356
"2" 62 61 6 45 5715.74677 0.00787298699728785
"2" 62 61 7 105 12721.80632 0.00825354492584352
"2" 62 61 91 186 35450.81725 0.00524670556078647
"2" 62 61 99 86 10213.0582 0.00842059237457395
"2" 63 51 0 334 60489.04449 0.00552166103492041
"2" 63 51 1 24 3832.57631 0.00626210623318287
"2" 63 51 2 209 35189.53594 0.00593926559180422
"2" 63 51 3 122 16091.783 0.00758150914662471
"2" 63 51 4 25 4376.88978 0.00571181849591835
"2" 63 51 6 42 6064.20875 0.00692588295216585
"2" 63 51 7 107 13364.09788 0.00800652621379933
"2" 63 51 91 250 36605.87064 0.00682950564019149
"2" 63 51 99 62 8321.70364 0.00745039750057718
"2" 63 56 0 280 47833.53461 0.00585363390522815
"2" 63 56 1 22 3366.11706 0.00653572041846934
"2" 63 56 2 180 31199.60851 0.00576930316104149
"2" 63 56 3 100 15926.09928 0.00627900142036538
"2" 63 56 4 31 4884.10883 0.00634711491471823
"2" 63 56 6 38 6274.31966 0.00605643353529743
"2" 63 56 7 108 13485.45926 0.00800862602583696
"2" 63 56 91 229 35705.68917 0.0064135437607631
"2" 63 56 99 63 8173.32031 0.00770800575659808
"2" 63 61 0 195 37044.47228 0.00526394325517977
"2" 63 61 1 21 3174.7625 0.00661466802634843
"2" 63 61 2 172 28895.31763 0.00595252151931441
"2" 63 61 3 90 14508.64064 0.00620320002632583
"2" 63 61 4 16 4716.48049 0.00339236005193356
"2" 63 61 6 24 5677.91377 0.00422690462944456
"2" 63 61 7 85 12623.01233 0.00673373342098288
"2" 63 61 91 220 35238.1164 0.00624323949392482
"2" 63 61 99 93 10121.53184 0.0091883325044206
"2" 64 51 0 355 60154.08144 0.00590151144364312
"2" 64 51 1 17 3810.20466 0.00446170259001258
"2" 64 51 2 221 34987.90551 0.00631646841325884
"2" 64 51 3 81 15989.61261 0.00506578877022587
"2" 64 51 4 24 4350.41138 0.00551671966249776
"2" 64 51 6 37 6024.5024 0.00614158606692563
"2" 64 51 7 125 13242.84944 0.00943905619152006
"2" 64 51 91 265 36350.31759 0.00729017014346256
"2" 64 51 99 53 8262.79675 0.00641429307818809
"2" 64 56 0 283 47547.3094 0.00595196665323822
"2" 64 56 1 23 3344.99385 0.00687594687206973
"2" 64 56 2 228 30997.13622 0.00735551821244989
"2" 64 56 3 102 15826.15536 0.00644502708837303
"2" 64 56 4 31 4852.78097 0.0063880896730437
"2" 64 56 6 38 6235.42848 0.00609420830050159
"2" 64 56 7 113 13374.14304 0.00844913948221089
"2" 64 56 91 265 35459.75498 0.00747326088827927
"2" 64 56 99 77 8103.39562 0.00950218940439687
"2" 64 61 0 219 36838.89121 0.00594480433060786
"2" 64 61 1 25 3150.17796 0.00793605958693203
"2" 64 61 2 204 28710.7125 0.00710536180528435
"2" 64 61 3 86 14419.71525 0.0059640567451566
"2" 64 61 4 37 4691.71048 0.00788624962212076
"2" 64 61 6 42 5644.91853 0.00744031995799238
"2" 64 61 7 96 12538.54623 0.00765639000239982
"2" 64 61 91 220 35018.66943 0.00628236319600222
"2" 64 61 99 102 10032.10336 0.0101673593602209
"2" 65 51 0 386 59766.45937 0.00645847192671002
"2" 65 51 1 25 3790.49896 0.006595437767908
"2" 65 51 2 276 34734.32303 0.00794603078233651
"2" 65 51 3 126 15887.32371 0.00793085118047236
"2" 65 51 4 35 4321.72005 0.00809862730465385
"2" 65 51 6 52 5975.63448 0.00870200481204801
"2" 65 51 7 144 13108.32239 0.0109853874291232
"2" 65 51 91 293 36065.87535 0.00812402297619542
"2" 65 51 99 75 8198.32172 0.00914821381271678
"2" 65 56 0 298 47261.43939 0.00630535175919872
"2" 65 56 1 25 3321.43602 0.0075268648408287
"2" 65 56 2 248 30751.88504 0.00806454627667274
"2" 65 56 3 107 15724.84813 0.00680451722747417
"2" 65 56 4 29 4822.53732 0.00601343194996778
"2" 65 56 6 53 6194.23336 0.00855634538121437
"2" 65 56 7 131 13254.12254 0.00988371728152138
"2" 65 56 91 304 35175.7495 0.00864231762851279
"2" 65 56 99 80 8026.81792 0.00996658959968037
"2" 65 61 0 240 36609.72479 0.00655563518646161
"2" 65 61 1 19 3126.89117 0.00607632276501647
"2" 65 61 2 244 28474.31291 0.00856912687485108
"2" 65 61 3 102 14325.31141 0.00712026406133115
"2" 65 61 4 38 4652.3867 0.00816785070768086
"2" 65 61 6 41 5607.07188 0.00731219447110066
"2" 65 61 7 119 12429.43325 0.0095740487604292
"2" 65 61 91 273 34771.05949 0.0078513569619158
"2" 65 61 99 91 9934.73305 0.00915978311062923
"2" 66 51 0 424 59379.23814 0.00714054294533594
"2" 66 51 1 22 3766.23544 0.00584137671435645
"2" 66 51 2 276 34458.74744 0.00800957726280024
"2" 66 51 3 115 15766.07591 0.00729414222387821
"2" 66 51 4 19 4295.65982 0.00442306905019309
"2" 66 51 6 57 5926.49076 0.00961783326900859
"2" 66 51 7 142 12964.77277 0.0109527565595737
"2" 66 51 91 315 35768.38328 0.00880666027128302
"2" 66 51 99 78 8122.83432 0.00960255951644228
"2" 66 56 0 331 46942.12192 0.00705123642608442
"2" 66 56 1 25 3296.7803 0.00758315620849833
"2" 66 56 2 244 30513.796 0.00799638301311315
"2" 66 56 3 147 15593.07664 0.00942726078976035
"2" 66 56 4 30 4793.80838 0.00625807241798847
"2" 66 56 6 61 6134.35525 0.00994399533675524
"2" 66 56 7 130 13120.40377 0.00990823165802618
"2" 66 56 91 336 34853.48806 0.00964035506063493
"2" 66 56 99 113 7928.03423 0.014253217975826
"2" 66 61 0 254 36374.27109 0.00698295779925139
"2" 66 61 1 20 3109.60917 0.00643167642832749
"2" 66 61 2 223 28248.27238 0.00789428808247706
"2" 66 61 3 95 14223.64752 0.00667901815384694
"2" 66 61 4 31 4619.26763 0.00671102055197438
"2" 66 61 6 47 5563.78644 0.0084474845515458
"2" 66 61 7 118 12311.00269 0.00958492195731946
"2" 66 61 91 285 34499.83575 0.00826090889432713
"2" 66 61 99 124 9824.36415 0.0126216819843755
"2" 67 51 0 447 58940.07602 0.00758397393054465
"2" 67 51 1 31 3740.51884 0.00828762033450953
"2" 67 51 2 309 34170.72549 0.00904282819779253
"2" 67 51 3 123 15646.05268 0.00786140776307293
"2" 67 51 4 30 4269.33128 0.0070268615931814
"2" 67 51 6 53 5872.44424 0.00902520276633568
"2" 67 51 7 149 12814.9494 0.0116270455191965
"2" 67 51 91 373 35414.76396 0.0105323305393562
"2" 67 51 99 98 8038.02396 0.0121920512414098
"2" 67 56 0 352 46596.94311 0.00755414360914286
"2" 67 56 1 25 3270.50377 0.00764408230601122
"2" 67 56 2 281 30248.57778 0.00928969295825187
"2" 67 56 3 133 15454.8358 0.0086057206767606
"2" 67 56 4 27 4764.36825 0.005667068241419
"2" 67 56 6 50 6079.91168 0.00822380367209545
"2" 67 56 7 153 12983.2786 0.0117843885750091
"2" 67 56 91 337 34524.87753 0.00976107734798386
"2" 67 56 99 88 7824.95548 0.0112460703738087
"2" 67 61 0 327 36067.48119 0.00906633868546006
"2" 67 61 1 26 3086.39219 0.0084240752306984
"2" 67 61 2 240 28016.67345 0.00856632749167443
"2" 67 61 3 128 14117.66394 0.00906665582521296
"2" 67 61 4 39 4584.91168 0.00850616167158099
"2" 67 61 6 61 5509.24436 0.0110722988515253
"2" 67 61 7 109 12202.10469 0.00893288516769807
"2" 67 61 91 333 34193.86309 0.00973858961543851
"2" 67 61 99 107 9708.33948 0.0110214522494222
"2" 68 51 0 469 58481.87752 0.00801957837006188
"2" 68 51 1 40 3705.02876 0.0107961375177018
"2" 68 51 2 305 33861.4729 0.00900728686258653
"2" 68 51 3 152 15506.76792 0.00980217159269899
"2" 68 51 4 24 4244.87544 0.00565387614765912
"2" 68 51 6 68 5808.52019 0.0117069404556895
"2" 68 51 7 148 12672.80494 0.0116785510943089
"2" 68 51 91 367 35047.07601 0.0104716296416649
"2" 68 51 99 106 7934.32237 0.0133596790068413
"2" 68 56 0 423 46208.02671 0.0091542537112596
"2" 68 56 1 31 3242.70636 0.00955991587224691
"2" 68 56 2 277 29966.07112 0.00924378771213435
"2" 68 56 3 124 15320.65298 0.00809364980473567
"2" 68 56 4 49 4724.06708 0.0103724183357701
"2" 68 56 6 61 6020.0849 0.010132747463412
"2" 68 56 7 172 12820.79192 0.0134157079432578
"2" 68 56 91 395 34137.79473 0.0115707532699198
"2" 68 56 99 113 7727.3012 0.0146234755285584
"2" 68 61 0 318 35750.18005 0.00889506009634768
"2" 68 61 1 25 3060.36139 0.00816896987450231
"2" 68 61 2 261 27775.59139 0.00939673961699938
"2" 68 61 3 123 13989.39083 0.00879237713026279
"2" 68 61 4 41 4544.88433 0.009021131677514
"2" 68 61 6 44 5457.01641 0.00806301405276514
"2" 68 61 7 141 12073.53118 0.0116784392153282
"2" 68 61 91 339 33851.68375 0.0100142729237213
"2" 68 61 99 127 9592.067 0.0132401076848191
"2" 69 51 0 532 57981.48601 0.00917534262416535
"2" 69 51 1 29 3666.26216 0.00790996353626823
"2" 69 51 2 335 33549.21423 0.00998533073541973
"2" 69 51 3 146 15356.94459 0.00950709948482011
"2" 69 51 4 41 4208.9398 0.00974117044867213
"2" 69 51 6 76 5734.35728 0.0132534469495071
"2" 69 51 7 180 12505.13075 0.0143940918010793
"2" 69 51 91 428 34647.66184 0.0123529259196903
"2" 69 51 99 78 7848.46619 0.00993824756477673
"2" 69 56 0 400 45802.06088 0.00873323148161363
"2" 69 56 1 34 3211.43465 0.0105871685727748
"2" 69 56 2 342 29658.23 0.0115313692017359
"2" 69 56 3 172 15172.81997 0.0113360601615311
"2" 69 56 4 36 4685.43875 0.00768337863769962
"2" 69 56 6 70 5959.19503 0.0117465529568345
"2" 69 56 7 191 12638.51545 0.0151125344393198
"2" 69 56 91 414 33743.44273 0.0122690504141099
"2" 69 56 99 101 7622.72214 0.0132498598459998
"2" 69 61 0 320 35423.1848 0.00903363155534225
"2" 69 61 1 25 3035.31963 0.00823636487996488
"2" 69 61 2 288 27494.54006 0.0104748069751853
"2" 69 61 3 139 13859.01031 0.0100295762028335
"2" 69 61 4 48 4498.07257 0.0106712373473334
"2" 69 61 6 45 5412.07047 0.00831474760896822
"2" 69 61 7 148 11927.694 0.0124080983298197
"2" 69 61 91 432 33461.52908 0.0129103484472324
"2" 69 61 99 138 9457.88771 0.0145909958154917
"2" 70 51 0 545 57433.82886 0.00948918104221269
"2" 70 51 1 31 3639.07257 0.00851865397122322
"2" 70 51 2 385 33180.95148 0.0116030427949621
"2" 70 51 3 169 15206.9589 0.0111133331201415
"2" 70 51 4 42 4169.81794 0.0100723822009361
"2" 70 51 6 92 5653.63177 0.016272725876521
"2" 70 51 7 214 12312.38194 0.0173808773186905
"2" 70 51 91 440 34220.92116 0.012857631679252
"2" 70 51 99 135 7734.65163 0.017453921192311
"2" 70 56 0 490 45358.28138 0.0108028784401002
"2" 70 56 1 26 3178.9774 0.00817873068238862
"2" 70 56 2 339 29324.50031 0.0115602992861364
"2" 70 56 3 181 15000.83436 0.0120659955077325
"2" 70 56 4 50 4641.50033 0.0107723788527663
"2" 70 56 6 79 5878.73042 0.013438275674495
"2" 70 56 7 182 12451.42228 0.0146168040812764
"2" 70 56 91 443 33319.2026 0.013295636312737
"2" 70 56 99 135 7501.02189 0.0179975477981174
"2" 70 61 0 347 35105.96028 0.00988436143698616
"2" 70 61 1 32 3007.11502 0.0106414286740518
"2" 70 61 2 314 27186.62916 0.0115497952376528
"2" 70 61 3 139 13718.17934 0.0101325399351427
"2" 70 61 4 41 4454.05407 0.0092050970544235
"2" 70 61 6 59 5361.01504 0.0110053785635341
"2" 70 61 7 187 11757.0404 0.0159053633940052
"2" 70 61 91 432 33033.15944 0.0130777681373368
"2" 70 61 99 166 9300.68579 0.0178481462279353
"2" 71 51 0 594 56859.58511 0.0104467874475491
"2" 71 51 1 35 3605.86654 0.00970640471901658
"2" 71 51 2 403 32783.91785 0.0122926125499671
"2" 71 51 3 168 15033.03287 0.0111753896537579
"2" 71 51 4 33 4132.06571 0.0079863202369064
"2" 71 51 6 94 5565.09234 0.0168910045435113
"2" 71 51 7 166 12114.74467 0.0137023110698378
"2" 71 51 91 443 33782.32299 0.0131133670153806
"2" 71 51 99 99 7620.34499 0.0129915378017551
"2" 71 56 0 537 44834.73866 0.0119773197312978
"2" 71 56 1 41 3147.95485 0.0130243291132336
"2" 71 56 2 370 28963.91307 0.0127745170034789
"2" 71 56 3 198 14804.0363 0.0133747307820368
"2" 71 56 4 53 4587.60302 0.0115528740758393
"2" 71 56 6 71 5808.13624 0.0122242311588752
"2" 71 56 7 226 12247.1786 0.0184532297095757
"2" 71 56 91 492 32845.84332 0.0149790643280704
"2" 71 56 99 116 7375.99933 0.0157266825565181
"2" 71 61 0 404 34717.91238 0.0116366443805168
"2" 71 61 1 28 2977.71867 0.00940317172407694
"2" 71 61 2 364 26852.66044 0.0135554538744244
"2" 71 61 3 159 13568.0506 0.0117187062966879
"2" 71 61 4 47 4411.76112 0.0106533419923697
"2" 71 61 6 66 5297.23822 0.0124593226241579
"2" 71 61 7 188 11572.80633 0.0162449793627541
"2" 71 61 91 456 32598.44351 0.0139883979386966
"2" 71 61 99 131 9155.99869 0.014307559932602
"2" 72 51 0 695 56241.30652 0.0123574654111716
"2" 72 51 1 45 3565.68857 0.0126202833244071
"2" 72 51 2 446 32355.06026 0.0137845516718565
"2" 72 51 3 189 14853.7222 0.0127240833950698
"2" 72 51 4 47 4095.60852 0.0114757061790662
"2" 72 51 6 79 5477.16563 0.0144235185379997
"2" 72 51 7 205 11938.29639 0.0171716292930804
"2" 72 51 91 553 33286.44918 0.0166133671095284
"2" 72 51 99 133 7503.71526 0.0177245531568851
"2" 72 56 0 562 44291.60167 0.0126886357415397
"2" 72 56 1 35 3108.41751 0.011259748694441
"2" 72 56 2 382 28594.88358 0.0133590332316366
"2" 72 56 3 232 14594.56483 0.0158963287156812
"2" 72 56 4 63 4534.55164 0.0138933250741412
"2" 72 56 6 81 5729.44765 0.0141374884540572
"2" 72 56 7 222 12029.42362 0.0184547495385319
"2" 72 56 91 536 32329.54756 0.0165792607831967
"2" 72 56 99 135 7253.77959 0.0186109873239201
"2" 72 61 0 433 34305.99094 0.0126217021615059
"2" 72 61 1 42 2944.31006 0.014264801988959
"2" 72 61 2 377 26487.58379 0.0142330838097181
"2" 72 61 3 170 13407.2669 0.0126796908921087
"2" 72 61 4 50 4364.04796 0.011457252637526
"2" 72 61 6 67 5232.22454 0.0128052608384425
"2" 72 61 7 198 11378.76249 0.0174008377601702
"2" 72 61 91 493 32117.99109 0.0153496524305811
"2" 72 61 99 165 9010.96373 0.0183110269826821
"2" 73 51 0 760 55512.73995 0.0136905510462018
"2" 73 51 1 56 3512.33881 0.0159437921650844
"2" 73 51 2 453 31905.00552 0.0141983990479498
"2" 73 51 3 220 14652.36689 0.0150146390444363
"2" 73 51 4 46 4045.59068 0.0113704038887098
"2" 73 51 6 101 5381.6105 0.0187676161253216
"2" 73 51 7 243 11719.40652 0.0207348383713205
"2" 73 51 91 578 32724.42029 0.0176626505489733
"2" 73 51 99 137 7364.68304 0.0186022941185531
"2" 73 56 0 603 43713.07047 0.013794501130133
"2" 73 56 1 36 3073.40043 0.0117134102177502
"2" 73 56 2 410 28191.36827 0.0145434586953448
"2" 73 56 3 213 14371.13549 0.0148213758160038
"2" 73 56 4 52 4471.43331 0.0116293806470749
"2" 73 56 6 87 5651.45313 0.0153942708182736
"2" 73 56 7 268 11779.4031 0.0227515772849305
"2" 73 56 91 551 31797.04792 0.0173286526908502
"2" 73 56 99 143 7110.85154 0.0201101090629717
"2" 73 61 0 486 33837.21357 0.0143628847864378
"2" 73 61 1 47 2898.38672 0.0162159175225589
"2" 73 61 2 438 26070.06152 0.0168008809516611
"2" 73 61 3 191 13231.76383 0.014434961389422
"2" 73 61 4 49 4315.82476 0.0113535657087245
"2" 73 61 6 92 5153.31416 0.0178525890608618
"2" 73 61 7 231 11168.00953 0.0206840797708381
"2" 73 61 91 542 31610.2211 0.0171463527029869
"2" 73 61 99 201 8830.12464 0.0227629855969961
"2" 74 51 0 791 54724.53109 0.0144542124755554
"2" 74 51 1 62 3455.1355 0.0179443034867952
"2" 74 51 2 506 31440.09853 0.016094097145312
"2" 74 51 3 234 14427.42091 0.0162191150767501
"2" 74 51 4 44 4001.41685 0.0109961050421428
"2" 74 51 6 102 5284.45718 0.0193018878809422
"2" 74 51 7 263 11461.29153 0.0229468030990745
"2" 74 51 91 613 32119.89383 0.0190847455238927
"2" 74 51 99 145 7228.75298 0.0200587847449174
"2" 74 56 0 694 43054.61529 0.0161190616923522
"2" 74 56 1 47 3031.87476 0.0155019595862198
"2" 74 56 2 476 27743.54748 0.0171571425875924
"2" 74 56 3 233 14151.22731 0.0164650029920267
"2" 74 56 4 74 4411.05135 0.0167760459193022
"2" 74 56 6 96 5559.21156 0.01726863584231
"2" 74 56 7 261 11513.19699 0.0226696373063621
"2" 74 56 91 633 31199.26005 0.0202889427180501
"2" 74 56 99 151 6967.37574 0.0216724353091943
"2" 74 61 0 538 33326.49204 0.0161433132342362
"2" 74 61 1 45 2851.4901 0.0157812225965645
"2" 74 61 2 408 25649.81657 0.0159065465005
"2" 74 61 3 250 13013.29491 0.0192111222967743
"2" 74 61 4 65 4253.79192 0.0152804841474239
"2" 74 61 6 108 5049.63718 0.0213876752230345
"2" 74 61 7 226 10932.56611 0.0206721823335949
"2" 74 61 91 603 31030.43807 0.0194325326197369
"2" 74 61 99 199 8628.6106 0.0230628092082403
"2" 75 51 0 851 53915.38264 0.015783992588576
"2" 75 51 1 50 3398.00482 0.0147145170912383
"2" 75 51 2 563 30889.76589 0.0182261012273408
"2" 75 51 3 260 14173.58385 0.0183439843268716
"2" 75 51 4 64 3950.76934 0.0161993764991605
"2" 75 51 6 108 5179.03625 0.0208533006502899
"2" 75 51 7 275 11186.94394 0.024582227413933
"2" 75 51 91 687 31480.72219 0.0218228792800131
"2" 75 51 99 153 7083.08143 0.021600768184307
"2" 75 56 0 673 42372.13757 0.0158830788012095
"2" 75 56 1 46 2983.846 0.0154163452135264
"2" 75 56 2 493 27265.53254 0.0180814366738204
"2" 75 56 3 263 13904.45243 0.0189148045436551
"2" 75 56 4 68 4339.85627 0.0156687216740475
"2" 75 56 6 129 5440.8898 0.0237093572452065
"2" 75 56 7 272 11248.25118 0.0241815368137965
"2" 75 56 91 689 30523.71873 0.0225726100444905
"2" 75 56 99 169 6806.08484 0.0248307219161846
"2" 75 61 0 560 32783.56533 0.0170817296521299
"2" 75 61 1 59 2797.50652 0.0210902100060164
"2" 75 61 2 488 25196.37638 0.0193678643563746
"2" 75 61 3 241 12761.68653 0.0188846512906786
"2" 75 61 4 82 4185.69197 0.0195905481310418
"2" 75 61 6 109 4944.12873 0.0220463515317895
"2" 75 61 7 247 10703.62972 0.0230762840701107
"2" 75 61 91 645 30398.92954 0.0212178523967854
"2" 75 61 99 201 8425.39765 0.0238564407698905
"2" 76 51 0 937 53013.02536 0.0176749014725539
"2" 76 51 1 71 3339.31283 0.0212618594347149
"2" 76 51 2 625 30313.16895 0.0206181016914103
"2" 76 51 3 296 13894.21626 0.021303828475173
"2" 76 51 4 86 3871.81106 0.022211827660826
"2" 76 51 6 128 5061.0404 0.0252912424884022
"2" 76 51 7 297 10904.1732 0.0272372782926816
"2" 76 51 91 744 30755.9342 0.0241904536263444
"2" 76 51 99 193 6903.81648 0.0279555519123533
"2" 76 56 0 781 41632.90571 0.0187591998848259
"2" 76 56 1 57 2932.64887 0.0194363534561163
"2" 76 56 2 556 26740.39835 0.0207925099963965
"2" 76 56 3 297 13623.66124 0.0218003071837978
"2" 76 56 4 75 4270.29089 0.0175632063322974
"2" 76 56 6 124 5316.76864 0.0233224366896657
"2" 76 56 7 268 10980.12799 0.0244077300596202
"2" 76 56 91 753 29827.81042 0.0252448969400416
"2" 76 56 99 185 6628.14233 0.0279112895875306
"2" 76 61 0 628 32194.87551 0.019506209918561
"2" 76 61 1 58 2739.59484 0.0211710137401193
"2" 76 61 2 537 24687.3326 0.0217520462295712
"2" 76 61 3 285 12498.79394 0.0228022000657129
"2" 76 61 4 69 4110.36619 0.0167868255066588
"2" 76 61 6 104 4840.68651 0.0214845559168425
"2" 76 61 7 271 10444.27451 0.0259472306803625
"2" 76 61 91 723 29734.68305 0.0243150397394264
"2" 76 61 99 218 8217.17656 0.0265297938298164
"2" 77 51 0 1097 52004.15061 0.0210944700977205
"2" 77 51 1 84 3260.67079 0.0257615703669367
"2" 77 51 2 690 29653.1609 0.023269020200811
"2" 77 51 3 316 13595.92475 0.0232422586775497
"2" 77 51 4 72 3794.42847 0.0189751896943784
"2" 77 51 6 136 4923.96165 0.0276200363989431
"2" 77 51 7 324 10589.84874 0.0305953378518228
"2" 77 51 91 779 29993.04172 0.025972690841841
"2" 77 51 99 191 6710.61607 0.0284623644100086
"2" 77 56 0 856 40842.27177 0.0209586774413651
"2" 77 56 1 60 2875.74813 0.0208641359700719
"2" 77 56 2 630 26149.34833 0.0240923785958072
"2" 77 56 3 297 13316.47567 0.0223031984858498
"2" 77 56 4 95 4185.58039 0.022696971781254
"2" 77 56 6 116 5193.92406 0.0223337882225409
"2" 77 56 7 331 10680.79186 0.0309902116190101
"2" 77 56 91 765 29057.42448 0.026327178464373
"2" 77 56 99 185 6446.75838 0.0286965927828057
"2" 77 61 0 708 31531.19303 0.0224539553364309
"2" 77 61 1 64 2680.84324 0.0238730855445319
"2" 77 61 2 615 24116.57701 0.0255011314310894
"2" 77 61 3 273 12224.25466 0.0223326499318855
"2" 77 61 4 102 4019.33538 0.0253773299206497
"2" 77 61 6 128 4719.83508 0.0271195916447148
"2" 77 61 7 308 10149.10126 0.0303475147315655
"2" 77 61 91 826 28942.92121 0.0285389299168119
"2" 77 61 99 218 8003.70628 0.0272373813297906
"2" 78 51 0 1155 50862.66141 0.0227082100696547
"2" 78 51 1 73 3184.57563 0.0229229914693532
"2" 78 51 2 713 28951.95566 0.0246270064921756
"2" 78 51 3 384 13248.20398 0.028985060962203
"2" 78 51 4 80 3718.36554 0.0215148293354719
"2" 78 51 6 138 4796.79812 0.0287691907284186
"2" 78 51 7 344 10258.30313 0.0335338111616127
"2" 78 51 91 891 29151.80835 0.030564141658128
"2" 78 51 99 215 6508.01372 0.0330361934147859
"2" 78 56 0 969 39934.39858 0.0242647951254059
"2" 78 56 1 63 2812.45929 0.0224003242372266
"2" 78 56 2 688 25498.81444 0.02698164660239
"2" 78 56 3 325 13007.49702 0.0249855909634489
"2" 78 56 4 99 4084.77137 0.024236362584964
"2" 78 56 6 164 5061.52427 0.032401306652235
"2" 78 56 7 339 10341.06163 0.0327819340150282
"2" 78 56 91 860 28249.26074 0.030443274530801
"2" 78 56 99 207 6244.96789 0.0331466876445381
"2" 78 61 0 787 30782.39581 0.0255665609934213
"2" 78 61 1 49 2624.59753 0.0186695291144315
"2" 78 61 2 625 23498.86048 0.0265970343767069
"2" 78 61 3 334 11918.58655 0.0280234571942593
"2" 78 61 4 100 3922.92334 0.0254911940236895
"2" 78 61 6 161 4580.94177 0.0351456115540189
"2" 78 61 7 320 9843.83091 0.0325076693134706
"2" 78 61 91 862 28103.63323 0.0306721907785159
"2" 78 61 99 252 7757.19169 0.0324859833391587
"2" 79 51 0 1324 49644.46141 0.0266696417363751
"2" 79 51 1 93 3101.13002 0.0299890683074294
"2" 79 51 2 830 28173.65967 0.0294601414839906
"2" 79 51 3 355 12869.77555 0.0275840086426371
"2" 79 51 4 88 3635.04997 0.0242087456090734
"2" 79 51 6 147 4642.78025 0.0316620628340099
"2" 79 51 7 357 9907.27785 0.0360341160715504
"2" 79 51 91 914 28261.23611 0.0323411189957324
"2" 79 51 99 220 6298.64066 0.034928171311173
"2" 79 56 0 1069 38919.5715 0.0274669005541338
"2" 79 56 1 97 2729.26558 0.0355406966294574
"2" 79 56 2 709 24782.08624 0.0286093750596197
"2" 79 56 3 402 12644.35794 0.0317928361335206
"2" 79 56 4 100 3989.8679 0.0250634864377339
"2" 79 56 6 146 4910.08824 0.0297346998391214
"2" 79 56 7 365 9995.62556 0.0365159736935964
"2" 79 56 91 912 27358.79409 0.0333348025866881
"2" 79 56 99 205 6045.49759 0.0339095329951161
"2" 79 61 0 850 29955.58249 0.0283753454062779
"2" 79 61 1 84 2556.27313 0.0328603383629824
"2" 79 61 2 716 22820.42225 0.03137540542222
"2" 79 61 3 356 11575.47362 0.0307546811203393
"2" 79 61 4 103 3819.10951 0.0269696377467846
"2" 79 61 6 138 4426.83505 0.031173513004511
"2" 79 61 7 380 9489.10135 0.0400459417582256
"2" 79 61 91 967 27205.10629 0.0355447977189285
"2" 79 61 99 286 7488.94798 0.0381896096439436
"2" 80 51 0 1429 48263.21228 0.0296084726335584
"2" 80 51 1 81 3013.50105 0.0268790349351297
"2" 80 51 2 897 27315.8591 0.032838066586747
"2" 80 51 3 448 12471.03295 0.0359232472399169
"2" 80 51 4 99 3543.66388 0.0279371868643479
"2" 80 51 6 144 4505.85008 0.0319584534423746
"2" 80 51 7 380 9538.96233 0.0398366181617996
"2" 80 51 91 1028 27291.36492 0.0376675920392185
"2" 80 51 99 250 6054.19577 0.0412936762367035
"2" 80 56 0 1303 37725.05817 0.034539376828216
"2" 80 56 1 82 2643.18274 0.0310232050017094
"2" 80 56 2 843 24015.10744 0.0351029035412885
"2" 80 56 3 432 12234.96579 0.0353086397963684
"2" 80 56 4 114 3877.6612 0.0293991646304736
"2" 80 56 6 185 4730.23952 0.0391100702655328
"2" 80 56 7 404 9606.39836 0.0420553036486819
"2" 80 56 91 1006 26403.77549 0.0381006118000438
"2" 80 56 99 237 5828.43666 0.0406627049113372
"2" 80 61 0 924 29063.0554 0.031792940806905
"2" 80 61 1 94 2470.84257 0.0380437026386509
"2" 80 61 2 783 22085.73166 0.0354527534814756
"2" 80 61 3 383 11206.48046 0.0341766535324865
"2" 80 61 4 139 3694.12804 0.0376272826753455
"2" 80 61 6 150 4278.04375 0.0350627550267573
"2" 80 61 7 365 9115.6414 0.04004106611741
"2" 80 61 91 1042 26187.01897 0.0397907070367086
"2" 80 61 99 312 7204.48939 0.0433063306933401
"2" 81 51 0 1473 46791.96669 0.0314797625361363
"2" 81 51 1 102 2917.26285 0.0349642816724588
"2" 81 51 2 914 26393.29655 0.0346300053223173
"2" 81 51 3 415 12031.25597 0.0344934893775683
"2" 81 51 4 107 3438.16222 0.0311212773433361
"2" 81 51 6 167 4347.30794 0.038414578011237
"2" 81 51 7 419 9141.20057 0.0458364299953217
"2" 81 51 91 987 26276.78441 0.0375616736279338
"2" 81 51 99 237 5809.2005 0.0407973524067555
"2" 81 56 0 1315 36407.29922 0.0361191307285331
"2" 81 56 1 96 2553.15123 0.0376005928955489
"2" 81 56 2 969 23107.40158 0.0419346154800327
"2" 81 56 3 486 11774.48933 0.0412756754351741
"2" 81 56 4 150 3751.34494 0.0399856591167007
"2" 81 56 6 189 4551.53602 0.0415244434339333
"2" 81 56 7 458 9173.91646 0.0499241520235077
"2" 81 56 91 1055 25371.40998 0.0415822376774347
"2" 81 56 99 265 5575.14037 0.0475324354927408
"2" 81 61 0 1061 28088.85278 0.0377729915959921
"2" 81 61 1 80 2384.05822 0.0335562274985046
"2" 81 61 2 834 21263.95485 0.0392213022404908
"2" 81 61 3 399 10802.94457 0.0369343744582409
"2" 81 61 4 139 3558.64677 0.0390597912587992
"2" 81 61 6 162 4120.86654 0.0393121200183299
"2" 81 61 7 429 8717.50997 0.0492113001850688
"2" 81 61 91 1117 25096.63313 0.0445079622519071
"2" 81 61 99 329 6880.5399 0.0478160151356727
"2" 82 51 0 1215 34926.08981 0.0347877476868917
"2" 82 51 1 78 2164.88092 0.0360296953423193
"2" 82 51 2 720 19869.33737 0.0362367393835238
"2" 82 51 3 351 9118.10128 0.0384948564642397
"2" 82 51 4 114 2672.31348 0.0426596658113628
"2" 82 51 6 127 3301.12321 0.0384717539821847
"2" 82 51 7 337 6849.38397 0.0492015050515558
"2" 82 51 91 891 19877.94999 0.044823535648708
"2" 82 51 99 195 4333.18204 0.0450015711779328
"2" 82 56 0 1412 35051.82705 0.0402832068635349
"2" 82 56 1 96 2456.99524 0.0390721147673041
"2" 82 56 2 1005 22126.0341 0.0454216058538932
"2" 82 56 3 541 11262.62823 0.0480349691876494
"2" 82 56 4 150 3602.50719 0.0416376684594487
"2" 82 56 6 215 4355.07049 0.0493677428399098
"2" 82 56 7 520 8683.1744 0.0598859329601856
"2" 82 56 91 1231 24226.88015 0.0508113299103434
"2" 82 56 99 271 5305.588 0.0510782216787282
"2" 82 61 0 1187 26960.6366 0.0440271503084612
"2" 82 61 1 106 2284.48116 0.0464000324695171
"2" 82 61 2 945 20362.8947 0.0464079402227621
"2" 82 61 3 472 10381.85972 0.0454639161701175
"2" 82 61 4 145 3423.05482 0.0423598240825135
"2" 82 61 6 195 3950.53185 0.0493604424427055
"2" 82 61 7 442 8276.4908 0.0534042761214693
"2" 82 61 91 1211 23931.10552 0.0506035961852213
"2" 82 61 99 344 6537.64122 0.0526183662308713
"2" 83 51 0 891 24148.61327 0.0368965285930889
"2" 83 51 1 55 1496.54072 0.0367514223067716
"2" 83 51 2 571 13980.18553 0.0408435209085526
"2" 83 51 3 277 6443.07468 0.0429918965334731
"2" 83 51 4 67 1961.2136 0.0341625205943911
"2" 83 51 6 111 2298.05956 0.0483016201721073
"2" 83 51 7 272 4742.19296 0.0573574298419101
"2" 83 51 91 696 13936.12453 0.049942148443187
"2" 83 51 99 151 2958.44689 0.0510402943214573
"2" 83 56 0 1544 33584.30329 0.0459738582833647
"2" 83 56 1 106 2360.19578 0.0449115284834549
"2" 83 56 2 1069 21106.91177 0.0506469165953215
"2" 83 56 3 594 10685.1322 0.0555912635315827
"2" 83 56 4 179 3429.83372 0.0521891189523905
"2" 83 56 6 210 4142.0725 0.0506992574369473
"2" 83 56 7 529 8167.57701 0.0647682904430919
"2" 83 56 91 1328 22969.05279 0.0578169248920081
"2" 83 56 99 314 5021.8467 0.0625267991553784
"2" 83 61 0 1310 25698.92423 0.0509748963916067
"2" 83 61 1 115 2178.48259 0.0527890378963276
"2" 83 61 2 1038 19398.60295 0.0535090079772987
"2" 83 61 3 517 9880.32925 0.0523261914576379
"2" 83 61 4 161 3268.57286 0.0492569714355396
"2" 83 61 6 176 3761.49281 0.046789933914562
"2" 83 61 7 466 7822.37173 0.0595727250103467
"2" 83 61 91 1366 22664.71385 0.0602698983556768
"2" 83 61 99 365 6174.90625 0.0591102091630946
"2" 84 51 0 599 14980.13218 0.0399862960354733
"2" 84 51 1 52 965.48051 0.0538591918339191
"2" 84 51 2 377 8678.0924 0.0434427271136223
"2" 84 51 3 184 4070.06703 0.0452081006636394
"2" 84 51 4 42 1297.23953 0.032376441689223
"2" 84 51 6 63 1475.70839 0.0426913612654869
"2" 84 51 7 155 2943.70635 0.0526547085785238
"2" 84 51 91 454 8544.04041 0.0531364528038322
"2" 84 51 99 92 1803.50991 0.0510116409618176
"2" 84 56 0 1783 31935.10189 0.0558319809387651
"2" 84 56 1 119 2238.98218 0.0531491501196316
"2" 84 56 2 1177 19978.2179 0.0589141637102677
"2" 84 56 3 618 10091.76039 0.0612380770170069
"2" 84 56 4 195 3250.09516 0.0599982432514376
"2" 84 56 6 224 3921.73439 0.0571175856710684
"2" 84 56 7 529 7636.37499 0.0692737065286523
"2" 84 56 91 1401 21577.5394 0.0649286266625934
"2" 84 56 99 333 4683.49826 0.0711006989890501
"2" 84 61 0 1361 24399.85545 0.0557790189695571
"2" 84 61 1 138 2050.93081 0.0672865214794837
"2" 84 61 2 1091 18310.57773 0.0595830462636091
"2" 84 61 3 598 9327.42913 0.0641119853783333
"2" 84 61 4 173 3101.9761 0.0557709003625141
"2" 84 61 6 242 3553.2642 0.0681063907378461
"2" 84 61 7 486 7356.67972 0.06606241110086
"2" 84 61 91 1383 21300.88304 0.0649268857729008
"2" 84 61 99 433 5790.4449 0.0747783646123634
"2" 85 51 0 241 6774.12319 0.0355765599828131
"2" 85 51 1 11 463.33812 0.0237407619299703
"2" 85 51 2 153 3896.62974 0.0392647005768631
"2" 85 51 3 59 1949.28263 0.0302675451430047
"2" 85 51 4 27 619.49282 0.0435840402476335
"2" 85 51 6 33 674.74333 0.0489074860510292
"2" 85 51 7 59 1333.31549 0.0442505921835499
"2" 85 51 91 184 3947.62212 0.0466103376682873
"2" 85 51 99 29 819.05888 0.0354064899461196
"2" 85 56 0 1869 30073.31836 0.0621481134082604
"2" 85 56 1 112 2129.0958 0.0526044906011275
"2" 85 56 2 1226 18759.89852 0.0653521658815455
"2" 85 56 3 652 9452.39017 0.0689772627106864
"2" 85 56 4 195 3054.01986 0.0638502724078553
"2" 85 56 6 232 3685.00069 0.0629579257962093
"2" 85 56 7 553 7088.3573 0.0780152546768487
"2" 85 56 91 1502 20164.74816 0.0744864249274115
"2" 85 56 99 346 4349.20126 0.0795548376163213
"2" 85 61 0 1512 22933.77194 0.0659289716473914
"2" 85 61 1 125 1923.76183 0.0649768583879222
"2" 85 61 2 1136 17216.65025 0.0659826379408503
"2" 85 61 3 617 8714.38186 0.0708024975164446
"2" 85 61 4 201 2911.18755 0.0690439885949636
"2" 85 61 6 268 3295.70635 0.0813179244564674
"2" 85 61 7 541 6835.51757 0.079145433313545
"2" 85 61 91 1522 19835.20173 0.0767322672447557
"2" 85 61 99 399 5368.98139 0.0743157725864272
"2" 86 56 0 1814 28182.39622 0.0643664217137318
"2" 86 56 1 134 2005.60369 0.0668128008878963
"2" 86 56 2 1188 17538.67631 0.0677360126272836
"2" 86 56 3 664 8788.80911 0.07555062258031
"2" 86 56 4 187 2854.54689 0.0655095211976007
"2" 86 56 6 247 3444.2088 0.0717145836222241
"2" 86 56 7 522 6544.85218 0.0797573399129085
"2" 86 56 91 1447 18629.73998 0.0776715081130188
"2" 86 56 99 329 4010.53929 0.0820338553521564
"2" 86 61 0 1649 21355.13895 0.0772179475797792
"2" 86 61 1 141 1787.19644 0.078894517045927
"2" 86 61 2 1221 16029.10273 0.0761739456391892
"2" 86 61 3 674 8076.85082 0.083448365584645
"2" 86 61 4 243 2684.58933 0.0905166377905555
"2" 86 61 6 222 3052.76184 0.0727210347990985
"2" 86 61 7 556 6292.32854 0.0883615654309112
"2" 86 61 91 1562 18291.10594 0.0853966952640153
"2" 86 61 99 430 4948.3909 0.0868969345166325
"2" 87 56 0 1474 20557.0604 0.0717028588387083
"2" 87 56 1 102 1501.40175 0.0679365133282947
"2" 87 56 2 1043 13000.04175 0.0802305115673955
"2" 87 56 3 511 6447.85001 0.0792512231530646
"2" 87 56 4 187 2153.07458 0.0868525418195221
"2" 87 56 6 218 2568.64404 0.0848696808920243
"2" 87 56 7 452 4791.65774 0.0943306105164348
"2" 87 56 91 1164 13678.93163 0.0850943649317735
"2" 87 56 99 246 2913.15192 0.0844446176360071
"2" 87 61 0 1712 19670.59561 0.087033460193227
"2" 87 61 1 127 1654.25048 0.0767719287589386
"2" 87 61 2 1361 14707.57365 0.0925373574450875
"2" 87 61 3 681 7398.46614 0.0920461061946551
"2" 87 61 4 212 2472.40452 0.0857464861777554
"2" 87 61 6 246 2811.26693 0.0875050310501821
"2" 87 61 7 605 5704.98834 0.106047543648442
"2" 87 61 91 1634 16678.91995 0.0979679742392432
"2" 87 61 99 481 4499.50107 0.106900741330416
"2" 88 56 0 1169 13915.40109 0.0840076396245651
"2" 88 56 1 90 1012.67083 0.0888738939977169
"2" 88 56 2 747 8907.48721 0.0838620345321832
"2" 88 56 3 364 4461.54345 0.0815861156748345
"2" 88 56 4 127 1457.76185 0.0871198543163961
"2" 88 56 6 161 1750.21081 0.0919889187520216
"2" 88 56 7 325 3284.03289 0.0989636860792828
"2" 88 56 91 907 9305.3955 0.097470333206149
"2" 88 56 99 216 2056.0486 0.105055882433907
"2" 88 61 0 1726 17964.73223 0.0960771347940097
"2" 88 61 1 147 1519.71665 0.0967285579190042
"2" 88 61 2 1306 13394.17528 0.0975050701292599
"2" 88 61 3 723 6688.22649 0.108100406151168
"2" 88 61 4 243 2230.05616 0.108965865684746
"2" 88 61 6 276 2561.21223 0.107761471996407
"2" 88 61 7 611 5108.03282 0.119615519619939
"2" 88 61 91 1649 15043.71187 0.109613904749693
"2" 88 61 99 505 4007.62838 0.126009687554912
"2" 89 56 0 725 8208.02115 0.088328232438826
"2" 89 56 1 57 598.23068 0.0952809708789927
"2" 89 56 2 505 5289.57691 0.0954707736728985
"2" 89 56 3 242 2688.98631 0.0899967393288812
"2" 89 56 4 94 871.98359 0.107800193808693
"2" 89 56 6 96 1071.23408 0.0896162676228523
"2" 89 56 7 205 2011.17115 0.101930658661248
"2" 89 56 91 519 5509.03351 0.0942089023524564
"2" 89 56 99 124 1234.57428 0.100439481049289
"2" 89 61 0 1818 16171.40723 0.11242064306113
"2" 89 61 1 136 1375.91101 0.0988436018111375
"2" 89 61 2 1475 12024.10405 0.122670262488289
"2" 89 61 3 735 5968.22796 0.123152132412851
"2" 89 61 4 269 1981.70155 0.135741933491448
"2" 89 61 6 242 2293.66399 0.105508043486352
"2" 89 61 7 585 4493.15942 0.130197917615841
"2" 89 61 91 1726 13362.33741 0.129169017892656
"2" 89 61 99 491 3502.43874 0.140188033667078
"2" 90 56 0 251 3577.81384 0.0701545723798754
"2" 90 56 1 16 256.70363 0.0623286861973865
"2" 90 56 2 189 2309.94323 0.0818201926114002
"2" 90 56 3 94 1245.01849 0.0755008867378347
"2" 90 56 4 33 384.00957 0.0859353583297416
"2" 90 56 6 37 497.92608 0.0743082186014438
"2" 90 56 7 62 894.59892 0.0693048008598088
"2" 90 56 91 193 2480.80566 0.0777973071860857
"2" 90 56 99 54 529.0643 0.102066988832926
"2" 90 61 0 1875 14314.22506 0.130988578993322
"2" 90 61 1 159 1224.53998 0.129844678488978
"2" 90 61 2 1496 10533.37366 0.142024772716551
"2" 90 61 3 725 5225.0768 0.138753941377474
"2" 90 61 4 243 1723.26767 0.141011175588294
"2" 90 61 6 260 2048.43053 0.126926442557952
"2" 90 61 7 564 3932.99849 0.143402038275382
"2" 90 61 91 1785 11589.2472 0.154022083505131
"2" 90 61 99 465 3021.78704 0.153882452285585
"2" 91 61 0 1671 12527.42012 0.133387400118581
"2" 91 61 1 148 1070.51544 0.138251158712853
"2" 91 61 2 1256 9118.63588 0.137739900630839
"2" 91 61 3 645 4525.92952 0.142512161789033
"2" 91 61 4 199 1501.81517 0.13250631900329
"2" 91 61 6 242 1786.63998 0.135449784348831
"2" 91 61 7 501 3392.00751 0.147700144685116
"2" 91 61 91 1524 9897.22945 0.153982486482619
"2" 91 61 99 405 2586.07325 0.156608092984218
"2" 92 61 0 1222 8372.25825 0.145958230564615
"2" 92 61 1 104 722.75225 0.143894398114983
"2" 92 61 2 841 6223.81803 0.135126058626107
"2" 92 61 3 462 2978.14501 0.155130122424764
"2" 92 61 4 175 995.90961 0.175718758251565
"2" 92 61 6 210 1159.21081 0.181157730922126
"2" 92 61 7 382 2261.1341 0.168941771299632
"2" 92 61 91 1112 6557.01356 0.169589400696618
"2" 92 61 99 312 1779.3238 0.175347511228704
"2" 93 61 0 898 5035.34014 0.178339491480709
"2" 93 61 1 76 453.98974 0.167404664255188
"2" 93 61 2 641 3854.83637 0.166284619754171
"2" 93 61 3 299 1800.2957 0.166083827229049
"2" 93 61 4 96 572.97194 0.167547471870961
"2" 93 61 6 125 672.28608 0.18593275053382
"2" 93 61 7 261 1359.20528 0.192023974480146
"2" 93 61 91 697 3903.03549 0.178578955222362
"2" 93 61 99 211 1150.53737 0.183392565510497
"2" 94 61 0 493 2595.85354 0.189918264803183
"2" 94 61 1 33 249.53664 0.132245108373664
"2" 94 61 2 385 2050.26281 0.187780804549637
"2" 94 61 3 168 946.44152 0.177507005398495
"2" 94 61 4 60 312.84463 0.191788492581765
"2" 94 61 6 67 356.15951 0.188117958720237
"2" 94 61 7 129 679.11231 0.189953853141022
"2" 94 61 91 381 2048.29433 0.186008423896775
"2" 94 61 99 108 640.86107 0.168523265112671
"2" 95 61 0 135 976.84055 0.138200651068386
"2" 95 61 1 11 98.2813 0.111923631453796
"2" 95 61 2 114 841.68376 0.135442793858824
"2" 95 61 3 38 381.43464 0.0996238831376196
"2" 95 61 4 16 122.63999 0.13046315479967
"2" 95 61 6 18 135.23068 0.133105889876469
"2" 95 61 7 48 245.90007 0.195201245774351
"2" 95 61 91 107 757.66799 0.141222806575212
"2" 95 61 99 33 270.0171 0.122214481971697
